0
272
545
818
1090
1363
1636
1909
2181
2454
2727
3000
3272
3545
3818
4090
4363
4636
4909
5181
5454
5727
6000
6272
6545
6818
7090
7363
7636
7909
8181
8454
8727
9000
9272
9545
9818
10090
10363
10636
10909
11181
11454
11727
12000
12272
12545
12818
13090
13363
13636
13909
14181
14454
14727
15000
15272
15545
15818
16090
16363
16636
16909
17181
17454
17727
18000
18272
18545
18818
19090
19363
19636
19909
20181
20454
20727
21000
21272
21545
21818
22090
22363
22636
22909
23181
23454
23727
24000
24272
24545
24818
25090
25363
25636
25909
26181
26454
26727
27000
27272
27545
27818
28090
28363
28636
28909
29181
29454
29727
30000
30272
30545
30818
31090
31363
31636
31909
32181
32454
32727
33000
33272
33545
33818
34090
34363
34636
34909
35181
35454
35727
36000
36272
36545
36818
37090
37363
37636
37909
38181
38454
38727
39000
39272
39545
39818
40090
40363
40636
40909
41181
41454
41727
42000
42272
42545
42818
43090
43363
43636
43909
44181
44454
44727
45000
45272
45545
45818
46090
46363
46636
46909
47181
47454
47727
48000
48272
48545
48818
49090
49363
49636
49909
50181
50454
50727
51000
51272
51545
51818
52363
52636
52909
53181
53454
53727
54000
54272
54545
54818
55090
55363
55636
55909
56181
56454
56727
57000
57272
57545
57818
58090
58363
58636
58909
59181
59454
59727
60000
60272
60545
60818
61090
61363
61636
61909
62181
62454
62727
63000
63272
63545
63818
64090
64363
64636
64909
65181
65454
65727
66000
66818
69818
70090
70363
70636
70909
71181
71454
71727
72000
72272
72545
72818
73090
73363
73636
73909
74181
74454
74727
75000
75272
75545
75818
76090
76363
76636
76909
77181
77454
77727
78000
78272
78545
78818
79090
79363
79636
79909
80181
80454
80727
81000
81272
81545
81818
82090
82363
82636
82909
83181
83454
83727
84000
84272
84545
84818
85090
85363
85636
85909
86181
86454
86727
87000
87272
87545
87818
88090
88363
88636
88909
89181
89454
89727
90000
90272
90545
90818
91090
91363
91636
93545
93818
94090
94363
94636
94909
95181
95454
95727
96000
96272
96545
96818
97090
97363
97636
97909
98181
98454
98727
99000
99272
99545
99818
100090
100363
100636
100909
101181
101454
101727
102000
102272
102545
102818
103090
103363
103636
103909
104181
104454
104727
105000
105272
105545
105818
106090
106363
106636
106909
107181
107454
107727
108000
108272
108545
108818
109090
109363
109636
109909
110181
110454
110727
111000
111272
111545
111818
112091
112363
112636
112909
113181
113454
113727
114000
114272
114545
114818
115091
115363
115636
115909
116181
116454
116727
117000
117272
117545
117818
118091
118363
118636
118909
119181
119454
119727
120000
120272
120545
120818
121091
121363
121636
121909
122181
122454
122727
123000
123272
123545
123818
124091
124363
124636
124909
125181
125454
125727
126000
126272
126545
126818
127091
127909
130909
131181
131454
131727
132000
132272
132545
132818
133091
133363
133636
133909
134181
134454
134727
135000
135272
135545
135818
136091
136363
136636
136909
137181
137454
137727
138000
138272
138545
138818
139091
139363
139636
139909
140181
140454
140727
141000
141272
141545
141818
142091
142363
142636
142909
143181
143454
143727
144000
144272
144545
144818
145091
145363
145636
145909
146181
146454
146727
147000
147272
147545
147818
148091
148363
148636
148909
149181
149454
149727
150000
150272
150545
150818
151091
151363
151636
151909
152181
152454
152727
153000
153272
153545
153818
154091
154363
154636
154909
155181
155454
155727
156000
156272
156545
156818
157091
157363
157636
157909
158181
158454
158727
159000
159272
159545
159818
160091
160363
160636
160909
161181
161454
161727
162000
162272
162545
162818
163091
163363
163636
163909
164181
164454
164727
165000
165272
165545
165818
166091
166363
166636
166909
167181
167454
167727
168000
168272
168545
168818
169091
169363
169636
169909
170181
170454
170727
171000
171272
171545
171818
172091
172363
172636
172909
173181
173454
173727
174000
174272
174545
174818
175091
175363
175636
175909
176181
176454
176727
177000
177272
177545
177818
178091
178363
178636
178909
179181
179454
179727
180000
180272
180545
180818
181091
181363
181636
181909
182181
182454
182727
183000
183272
183545
183818
184091
184363
184636
184909
185181
185454
185727
186000
186272
186545
186818
187091
187363
187636
187909
188181
188454
188727
189000
189272
189545
189818
190091
190363
190636
190909
191181
191454
191727
192000
192272
192545
192818
193091
193363
193636
193909
194181
194454
194727
195000
195272
195545
195818
196091
196363
196636
196909
197181
197454
197727
198000
198272
198545
198818
199091
199363
199636
199909
200181
200454
200727
201000
201272
201545
201818
202091
202363
202636
202909
203181
203454
203727
204000
204272
204545
204818
205091
205363
205636
205909
206181
206454
206727
207000
207272
207545
207818
208091
208363
208636
208909
209181
209454
209727
210000
210272
210545
210818
211091
211363
211636
211909
212181
212454
212727
213000
213272
213545
#14
4
34
4
4
14
34
4
14
4
34
4
4
14
34
4
14
4
34
4
4
14
34
4
14
4
34
4
4
14
34
4
14
4
34
4
4
14
34
4
14
4
34
4
4
14
34
4
14
4
34
4
4
14
34
4
14
4
34
4
4
14
34
4
14
4
34
4
4
14
34
14
14
4
34
4
4
14
34
4
14
4
34
4
4
14
34
4
14
4
34
4
4
14
34
4
14
4
34
4
4
14
34
4
14
4
34
4
4
14
34
4
14
4
34
4
4
14
34
4
14
4
34
4
34
14
34
4
14
4
34
4
4
14
34
4
14
4
34
4
4
14
34
4
14
4
34
4
4
14
34
4
14
4
34
4
4
14
34
34
14
4
34
4
4
14
34
4
14
4
34
4
4
14
34
4
14
4
34
4
4
14
34
4
14
4
34
34
34
14
3
14
4
34
4
4
14
34
14
14
4
34
4
4
14
34
4
14
4
34
4
4
14
34
4
14
4
34
4
4
14
34
4
14
14
34
4
4
14
34
4
14
4
34
4
4
14
34
4
14
4
34
3
14
4
34
4
4
14
34
4
14
4
34
4
4
14
34
4
14
4
34
4
4
14
34
4
14
4
34
4
4
14
34
4
14
4
34
4
4
14
34
4
14
4
34
4
4
14
34
4
14
4
34
4
4
14
34
4
14
4
34
4
4
14
34
4
14
4
34
4
4
14
34
4
14
4
34
4
4
14
34
4
14
3
1
4
34
4
4
14
34
4
14
4
34
4
4
14
34
4
14
4
34
4
4
14
34
4
14
4
34
4
4
14
34
4
14
4
34
4
4
14
34
4
14
4
34
4
4
14
34
4
14
4
34
4
4
14
34
4
14
4
34
4
4
14
34
4
14
4
34
4
4
14
34
4
14
4
34
4
4
14
34
4
14
4
34
4
4
14
34
4
14
4
34
4
4
14
34
4
14
4
34
4
4
14
34
4
14
4
34
4
4
14
34
4
14
4
34
4
4
14
34
4
14
4
34
3
14
4
34
4
4
14
34
4
14
4
34
4
4
14
34
4
14
4
34
4
4
14
34
4
14
4
34
4
4
14
34
4
14
4
34
4
4
14
34
4
14
4
34
4
4
14
34
4
14
4
34
4
4
14
34
4
14
4
34
4
4
14
34
4
14
4
34
4
4
14
34
4
14
4
34
4
4
14
34
4
14
4
34
4
4
14
34
4
14
4
34
4
4
14
34
4
14
4
34
4
4
14
34
4
14
4
34
4
3
13
3
3
14
4
34
4
4
14
34
4
14
4
34
4
4
14
34
4
14
4
34
4
4
14
34
4
14
4
34
4
4
14
34
4
14
4
34
4
4
14
34
4
14
4
34
4
4
14
34
4
14
4
34
4
4
14
34
4
14
4
34
4
4
14
34
4
14
4
34
4
4
14
34
4
14
4
34
4
4
14
34
4
14
4
34
4
4
14
34
4
14
4
34
4
4
14
34
4
14
4
34
4
4
14
34
4
14
4
34
4
4
14
34
4
14
4
34
4
4
14
34
4
14
4
34
4
4
14
34
4
14
4
34
4
4
14
34
4
14
4
34
4
4
14
34
4
14
4
34
4
4
14
34
4
14
4
34
4
4
14
34
4
14
4
34
4
4
14
34
4
14
4
34
4
4
14
34
4
14
4
34
4
4
14
34
4
14
4
34
4
4
14
34
4
#136
136
136
136
136
136
136
136
136
136
136
136
136
136
136
136
136
136
136
136
136
136
136
136
136
136
136
136
136
136
136
136
136
136
136
136
136
136
136
136
136
136
136
136
136
136
136
136
136
136
136
136
136
136
136
136
136
136
136
136
136
136
136
136
136
136
136
136
136
136
136
136
136
136
136
136
136
136
136
136
136
136
136
136
136
136
136
136
136
136
136
136
136
136
136
136
136
136
136
136
136
136
136
136
136
136
136
136
136
136
136
136
136
136
136
136
136
136
136
136
136
136
136
136
136
136
136
136
136
136
136
136
136
136
136
136
136
136
136
136
136
136
136
136
136
136
136
136
136
136
136
136
136
136
136
136
136
136
136
136
136
136
136
136
136
136
136
136
136
136
136
136
136
136
136
136
136
136
136
136
136
136
136
136
136
136
136
136
136
136
136
136
136
136
136
136
136
136
136
136
136
136
136
136
136
136
136
136
136
136
136
136
136
136
136
136
136
136
136
136
136
136
136
136
136
136
136
136
136
136
136
136
136
136
136
136
136
136
136
136
136
136
136
136
136
136
136
136
136
136
136
136
136
136
136
136
136
136
136
136
136
136
136
136
136
136
136
136
136
136
136
136
136
136
136
136
136
136
136
136
136
136
136
136
136
136
136
136
136
136
136
136
136
136
136
136
136
136
136
136
136
136
136
136
136
136
136
136
136
136
136
136
136
136
136
136
136
136
136
136
136
136
136
136
136
136
136
136
136
136
136
136
136
136
136
136
136
136
136
136
136
136
136
136
136
136
136
136
136
136
136
136
136
136
136
136
136
136
136
136
136
136
136
136
136
136
136
136
136
136
136
136
136
136
136
136
136
136
136
136
136
136
136
136
136
136
136
136
136
136
136
136
136
136
136
136
136
136
136
136
136
136
136
136
136
136
136
136
136
136
136
136
136
136
136
136
136
136
136
136
136
136
136
136
136
136
136
136
136
136
136
136
136
136
136
136
136
136
136
136
136
136
136
136
136
136
136
136
136
136
136
136
136
136
136
136
136
136
136
136
136
136
136
136
136
136
136
136
136
136
136
136
136
136
136
136
136
136
136
136
136
136
136
136
136
136
136
136
136
136
136
136
136
136
136
136
136
136
136
136
136
136
136
136
136
136
136
136
136
136
136
136
136
136
136
136
136
136
136
136
136
136
136
136
136
136
136
136
136
136
136
136
136
136
136
136
136
136
136
136
136
136
136
136
136
136
136
136
136
136
136
136
136
136
136
136
136
136
136
136
136
136
136
136
136
136
136
136
136
136
136
136
136
136
136
136
136
136
136
136
136
136
136
136
136
136
136
136
136
136
136
136
136
136
136
136
136
136
136
136
136
136
136
136
136
136
136
136
136
136
136
136
136
136
136
136
136
136
136
136
136
136
136
136
136
136
136
136
136
136
136
136
136
136
136
136
136
136
136
136
136
136
136
136
136
136
136
136
136
136
136
136
136
136
136
136
136
136
136
136
136
136
136
136
136
136
136
136
136
136
136
136
136
136
136
136
136
136
136
136
136
136
136
136
136
136
136
136
136
136
136
136
136
136
136
136
136
136
136
136
136
136
136
136
136
136
136
136
136
136
136
136
136
136
136
136
136
136
136
136
136
136
136
136
136
136
136
136
136
136
136
136
136
136
136
136
136
136
136
136
136
136
136
136
136
136
136
136
136
136
136
136
136
