0
272
545
818
1090
1363
1909
2181
2454
2727
3000
3545
3818
4090
4909
5181
5454
5727
6545
7363
7500
7636
8727
9000
9272
9545
9818
10090
10636
10909
11181
11454
11727
12272
12545
12818
13090
13636
13909
14181
14454
15272
16090
16227
16363
17454
18000
18818
19363
19636
20181
20454
21000
21272
21818
22363
22636
23181
23727
24000
24545
24818
25363
25636
26181
26727
27000
27545
28090
28363
28909
29181
29727
30000
30545
31090
31363
31909
32454
32727
33272
33545
34090
34363
34909
36272
36681
37090
38454
38863
39272
40636
41045
41454
43363
43636
45000
45409
45818
47181
48000
49363
49772
50181
52363
52909
53181
53727
54272
54545
55090
55363
55909
56181
56727
57272
57545
58090
58636
58909
59454
59727
60272
60545
61090
61363
61636
62454
63000
63272
63545
64636
64909
65454
65727
66000
66272
66545
66818
67636
68454
68590
68727
76363
77181
77318
77454
85090
85909
86045
86181
87272
87545
87818
88090
88363
88636
89181
89454
89727
90000
90272
90818
91090
91363
92181
92454
92727
93000
93818
94636
94772
94909
96000
96545
97363
97909
98181
98727
99000
99545
99818
100363
100909
101181
101727
102272
102545
102818
103090
103363
103909
104181
104727
105272
105545
106090
106636
106909
107454
107727
108272
108545
109090
109636
109909
110454
111000
111272
111818
112091
112636
112909
113454
113727
114000
114818
115363
115636
115909
117000
117272
117818
118091
118363
119181
119727
120000
120272
121363
121636
121909
122181
122454
122727
123545
124091
124363
124636
125727
126000
126545
126818
127091
127363
127636
127909
128727
129545
129681
129818
137454
138272
138409
138545
146181
147000
147136
147272
148363
148636
148909
149181
149454
149727
150000
150272
150545
150818
151091
151363
151636
151909
152181
152454
152727
153000
153272
153545
153818
154091
154363
154636
154909
157091
157363
157636
157909
158181
158454
158727
159000
159272
159545
159818
160091
160363
160636
160909
161181
161454
162000
162272
162818
163363
163636
164181
164454
165000
165272
165818
166363
166636
167181
167727
168000
168272
168545
168818
169363
169636
170181
170727
171000
171545
172091
172363
172909
173181
173727
174000
174545
175091
175363
175909
176454
176727
177272
177545
178091
178363
178909
179454
179727
180272
180818
181091
181636
181909
182454
182727
183272
183818
184091
184636
185181
185454
185727
186000
186272
186818
187091
187636
188181
188454
189000
189545
189818
190363
190636
191181
191454
192000
192545
192818
193363
193909
194181
194727
195000
195545
195818
196363
196636
196909
197727
198272
198545
198818
199909
200181
200727
201000
201272
202091
202636
202909
203181
203454
204272
204545
205091
205363
205636
206454
207000
207272
207545
208636
208909
209454
209727
210000
210818
211363
211636
211909
212181
213000
213272
#1
1
4
3
4
3
12
3
2
3
2
1
2
1
13
13
13
13
4
3
2
1
1
1
4
3
4
3
12
3
2
3
2
1
2
1
12
24
24
24
24
4
3
2
1
12
12
23
1
13
13
13
23
23
12
12
12
23
1
13
13
13
23
23
12
12
12
23
1
13
13
13
23
23
12
12
12
23
1
13
13
13
23
23
4
4
23
1
12
3
4
4
23
1
2
4
4
23
1
12
4
4
23
1
12
12
12
23
1
13
13
13
23
23
12
12
12
23
1
13
13
13
23
23
12
12
12
23
1
13
13
23
23
12
12
24
24
24
24
4
3
2
1
4
3
2
1
4
3
2
1
1
1
4
3
4
3
12
3
2
3
2
1
2
1
13
13
13
13
4
3
2
1
12
12
23
1
13
13
13
23
23
12
12
12
23
1
13
13
13
13
23
23
12
12
12
23
1
13
13
13
23
23
12
12
12
23
1
13
13
13
23
23
12
12
12
23
1
13
13
23
23
12
12
12
23
1
13
13
23
23
23
12
12
12
23
1
13
13
23
23
12
12
24
24
24
24
4
3
2
1
4
3
2
1
4
3
2
1
12
1
12
1
12
12
12
13
13
13
13
13
13
13
13
1
23
23
23
23
23
23
23
23
14
12
1
12
1
12
12
12
13
13
13
13
13
13
13
13
1
12
12
12
23
1
13
13
13
23
23
12
12
12
23
1
13
13
13
13
23
23
12
12
12
23
1
13
13
13
23
23
12
12
12
23
1
13
13
13
23
23
12
12
12
23
1
13
13
13
23
23
12
12
12
23
1
13
13
13
13
23
23
12
12
12
23
1
13
13
13
23
23
12
12
12
23
1
13
13
13
23
23
12
12
12
23
1
13
13
23
23
12
12
12
23
1
13
13
13
23
23
12
12
12
23
1
13
13
23
23
12
12
12
23
1
13
13
13
23
23
