2051
2307
2564
2820
3076
3333
3589
3846
4102
4358
4615
4871
5128
5384
5641
5897
6153
6410
6666
6923
7179
7435
7692
7948
8205
8461
8717
8974
9230
9487
9743
10000
10256
10512
10769
11025
11282
11538
11794
12051
12307
12564
12820
13076
13333
13589
13846
14102
14358
14615
14871
15128
15384
15641
15897
16153
16410
16666
16923
17179
17435
17692
17948
18205
18461
18717
18974
19230
19487
19743
20000
20256
20512
20769
21025
21282
21538
21794
22051
22307
22564
23076
23333
23589
23846
24102
24358
24615
25128
25641
26153
26666
26923
27179
27435
27692
27948
28205
28461
28717
28974
29230
29487
29743
30000
30256
30512
30769
31025
31282
31538
31794
32051
32307
32564
32820
33076
33333
33589
33846
34102
34359
34615
34871
35128
35384
35641
35897
36153
36410
36666
36923
37179
37435
37692
37948
38205
38461
38717
38974
39230
39487
39743
40000
40256
40512
40769
41025
41282
41538
41794
42051
42307
42564
42820
43076
43333
43589
43846
44102
44359
44615
44871
45128
45384
45641
45897
46153
46410
46666
46923
47179
47435
47692
47948
48205
48461
48717
48974
49230
49487
49743
50000
50256
50512
50769
51025
51282
51538
51794
52051
52307
52564
52820
53076
53333
53589
53846
54102
54359
54615
54871
55128
55384
55641
55897
56153
56410
56666
56923
57179
57435
57692
57948
58205
58461
58718
58974
59230
59487
59743
60000
60256
60512
60769
61025
61282
61538
61794
62051
62307
62564
62820
63076
63333
63589
63846
64102
64359
64615
64871
65128
67179
67692
68205
68718
69230
69743
70256
70769
71282
71794
72307
72820
73333
73846
74359
74871
75384
75897
76410
76923
77435
77948
78461
78974
79487
80000
80512
81025
81538
82051
82564
83077
83589
84102
84615
85128
85641
86153
86666
87179
87692
88205
88718
89230
89743
90256
90769
91282
91794
92307
92820
93333
93846
94359
94871
95384
95897
96410
96923
97435
97948
98461
98974
99487
100000
100512
100769
101025
101282
101538
101794
102051
102307
102564
102820
103077
103333
103589
103846
104102
104359
104615
104871
105128
105384
105641
105897
106153
106410
106666
106923
107179
107435
107692
108205
108718
108974
109230
109487
109743
110000
110256
110512
110769
111025
111282
111538
111794
112051
112307
112564
112820
113077
113333
113589
113846
114102
114359
114615
114871
115128
115384
115641
115897
116410
116923
117179
117436
117692
117948
118205
118461
118718
118974
119230
119487
119743
120000
120256
120512
120769
121025
121282
121538
121794
122051
122307
122564
122820
123077
123333
123589
123846
124102
124359
124615
124871
125128
125384
125641
125897
126153
126410
126666
126923
127179
127436
127692
127948
128205
128461
128718
128974
129230
129487
129743
130000
130256
130512
130769
131025
131282
131538
131794
132051
132307
132564
132820
133077
133333
133589
133846
134102
134359
134615
134871
135128
135384
135641
135897
136153
136410
136666
136923
137179
137436
137692
137948
138205
138461
138718
138974
139230
139487
140000
140256
140769
141025
141282
141538
142051
142564
143077
143589
144102
144615
145128
145641
146153
146666
147179
147692
148205
148718
149230
149743
150256
150769
151282
151795
152307
152820
153333
153846
154359
154871
155384
155897
156410
157436
157692
157948
158461
158974
159487
160000
160512
161025
161538
162051
162564
163077
163589
164102
164615
165128
165641
166154
166666
167179
167692
168205
168718
169230
169743
170256
170769
171282
171795
172307
172820
173333
173846
174359
174615
174871
175128
175384
175641
175897
176154
176410
176666
176923
177179
177436
177692
177948
178205
178461
178718
178974
179230
179487
179743
180000
180256
180512
180769
181025
181282
181538
181795
182051
182307
182564
182820
183077
183333
183589
183846
184102
184359
184615
184871
185128
185384
185641
185897
186154
186410
186666
186923
187179
187436
187692
187948
188205
188461
188718
188974
189230
189487
189743
190769
191025
191282
191538
191795
192051
192307
192564
192820
193077
193333
193589
193846
194102
194359
194615
194871
195128
195384
195641
195897
196154
196410
196666
196923
197179
197436
197692
197948
198461
198974
199230
199487
199743
200000
200256
200513
200769
201025
201282
201538
201795
202051
202307
202564
202820
203077
203333
203589
203846
204102
204359
204615
204871
205128
205384
205641
205897
206154
206666
207179
207436
207692
207948
208205
208461
208718
208974
209230
209487
209743
210000
210256
210513
210769
211025
211282
211538
211795
212051
212307
212564
212820
213077
213333
213589
213846
214102
214359
214871
215384
#1
4
3
4
1
4
3
4
1
4
3
4
1
4
3
4
1
4
3
4
1
4
3
4
3
4
3
4
3
4
3
4
1
4
3
4
1
4
3
4
1
4
3
4
1
4
3
4
1
4
3
4
1
4
3
4
1
4
3
4
1
4
3
4
1
4
3
4
1
4
3
4
1
4
3
4
1
4
3
4
1
3
4
1
4
3
4
1
3
1
1
1
4
3
4
1
4
3
4
1
4
3
4
1
4
3
4
1
4
3
4
1
4
3
4
1
4
3
4
1
4
3
4
1
4
3
4
1
4
3
4
1
4
3
4
1
4
3
4
1
4
3
4
1
4
3
4
1
4
3
4
1
4
3
4
1
4
3
4
1
4
3
4
1
4
3
4
1
4
3
4
1
4
3
4
1
4
3
4
1
4
3
4
1
4
3
4
1
4
3
4
1
4
3
4
1
4
3
4
1
4
3
4
1
4
3
4
1
4
3
4
1
4
3
4
1
4
3
4
1
4
3
4
1
4
3
4
1
4
3
4
1
4
3
4
1
4
3
4
1
4
3
3
1
3
1
3
1
3
1
3
1
3
1
3
1
3
1
3
1
3
1
3
1
3
1
3
1
3
1
3
1
3
1
3
1
3
1
3
1
3
1
3
1
3
1
3
1
3
1
3
1
3
1
3
1
3
1
3
1
3
1
3
1
3
1
1
1
4
3
4
1
4
3
4
1
4
3
4
1
4
3
4
1
4
3
4
1
4
3
4
1
4
3
4
1
1
1
4
3
4
1
4
3
4
1
4
3
4
1
4
3
4
1
4
3
4
1
4
3
4
1
4
3
4
1
1
1
4
3
4
1
4
3
4
1
4
3
4
1
4
3
4
1
4
3
4
1
4
3
4
1
4
3
4
1
4
3
4
1
4
3
4
1
4
3
4
1
4
3
4
1
4
3
4
1
4
3
4
1
4
3
4
1
4
3
4
1
4
3
4
1
4
3
4
1
4
3
4
3
4
3
4
3
4
3
4
3
4
3
4
3
4
3
4
3
3
4
4
3
4
1
3
1
3
1
3
1
3
1
3
1
3
1
3
1
3
1
3
1
3
1
3
1
3
1
3
1
3
1
1
3
4
1
3
1
3
1
3
1
3
1
3
1
3
1
3
1
3
1
3
1
3
1
3
1
3
1
3
1
3
1
3
1
3
1
4
3
4
1
4
3
4
1
4
3
4
1
4
3
4
1
4
3
4
1
4
3
4
1
4
3
4
1
4
3
4
1
4
3
4
1
4
3
4
1
4
3
4
1
4
3
4
1
4
3
4
1
4
3
4
1
4
3
4
1
1
4
3
4
1
4
3
4
1
4
3
4
1
4
3
4
1
4
3
4
1
4
3
4
1
4
3
4
1
1
1
4
3
4
1
4
3
4
1
4
3
4
1
4
3
4
1
4
3
4
1
4
3
4
1
4
3
4
1
1
1
4
3
4
1
4
3
4
1
4
3
4
1
4
3
4
1
4
3
4
1
4
3
4
1
4
3
4
1
1
1
#128
128
128
128
128
128
128
128
128
128
128
128
128
128
128
128
128
128
128
128
128
128
128
128
128
128
128
128
128
128
128
128
128
128
128
128
128
128
128
128
128
128
128
128
128
128
128
128
128
128
128
128
128
128
128
128
128
128
128
128
128
128
128
128
128
128
128
128
128
128
128
128
128
128
128
128
128
128
128
128
128
128
128
128
128
128
128
128
128
128
128
128
128
128
128
128
128
128
128
128
128
128
128
128
128
128
128
128
128
128
128
128
128
128
128
128
128
128
128
128
128
128
128
128
128
128
128
128
128
128
128
128
128
128
128
128
128
128
128
128
128
128
128
128
128
128
128
128
128
128
128
128
128
128
128
128
128
128
128
128
128
128
128
128
128
128
128
128
128
128
128
128
128
128
128
128
128
128
128
128
128
128
128
128
128
128
128
128
128
128
128
128
128
128
128
128
128
128
128
128
128
128
128
128
128
128
128
128
128
128
128
128
128
128
128
128
128
128
128
128
128
128
128
128
128
128
128
128
128
128
128
128
128
128
128
128
128
128
128
128
128
128
128
128
128
128
128
128
128
128
128
128
128
128
128
128
128
128
128
128
128
128
128
128
128
128
128
128
128
128
128
128
128
128
128
128
128
128
128
128
128
128
128
128
128
128
128
128
128
128
128
128
128
128
128
128
128
128
128
128
128
128
128
128
128
128
128
128
128
128
128
128
128
128
128
128
128
128
128
128
128
128
128
128
128
128
128
128
128
128
128
128
128
128
128
128
128
128
128
128
128
128
128
128
128
128
128
128
128
128
128
128
128
128
128
128
128
128
128
128
128
128
128
128
128
128
128
128
128
128
128
128
128
128
128
128
128
128
128
128
128
128
128
128
128
128
128
128
128
128
128
128
128
128
128
128
128
128
128
128
128
128
128
128
128
128
128
128
128
128
128
128
128
128
128
128
128
128
128
128
128
128
128
128
128
128
128
128
128
128
128
128
128
128
128
128
128
128
128
128
128
128
128
128
128
128
128
128
128
128
128
128
128
128
128
128
128
128
128
128
128
128
128
128
128
128
128
128
128
128
128
128
128
128
128
128
128
128
128
128
128
128
128
128
128
128
128
128
128
128
128
128
128
128
128
128
128
128
128
128
128
128
128
128
128
128
128
128
128
128
128
128
128
128
128
128
128
128
128
128
128
128
128
128
128
128
128
128
128
128
128
128
128
128
128
128
128
128
128
128
128
128
128
128
128
128
128
128
128
128
128
128
128
128
128
128
128
128
128
128
128
128
128
128
128
128
128
128
128
128
128
128
128
128
128
128
128
128
128
128
128
128
128
128
128
128
128
128
128
128
128
128
128
128
128
128
128
128
128
128
128
128
128
128
128
128
128
128
128
128
128
128
128
128
128
128
128
128
128
128
128
128
128
128
128
128
128
128
128
128
128
128
128
128
128
128
128
128
128
128
128
128
128
128
128
128
128
128
128
128
128
128
128
128
128
128
128
128
128
128
128
128
128
128
128
128
128
128
128
128
128
128
128
128
128
128
128
