897
1282
1666
1794
2051
2564
3076
3589
4102
4615
5128
5384
5641
6153
6666
7179
7692
8205
8717
9230
9487
9743
10000
10256
10769
11282
11794
12307
12820
13333
13589
13846
14358
14871
15384
15897
16410
16923
17435
17692
17948
18205
18461
18974
19487
20000
20512
21025
21538
21794
22051
22564
23076
23589
24102
24615
25128
25641
25897
26153
26410
26666
29743
30769
33846
34871
37948
38974
42051
43076
46153
47179
50256
51282
54359
55384
58461
59487
60000
60512
61025
61538
62051
62564
62820
63076
63589
64102
64615
65128
#4
3
3
2
1
1
3
2
1
4
4
3
3
2
2
4
3
2
4
4
3
2
2
1
1
3
2
1
4
4
3
3
2
2
4
3
2
4
4
3
2
2
1
1
3
2
1
4
4
3
3
2
2
4
3
2
4
4
3
2
2
13
23
24
23
13
23
24
23
13
23
24
23
13
23
24
23
1
1
3
2
1
4
4
3
3
2
2
4
3
