0
291
582
873
1165
1456
1747
2038
2330
2621
2912
3203
3495
3786
4077
4660
4951
5242
5533
5825
6116
6407
6699
6990
7281
7572
7864
8155
8446
8737
9320
9611
9902
10194
10485
10776
11067
11359
11650
11941
12233
12524
12815
13106
13398
13980
14271
14563
14854
15145
15436
15728
16019
16310
16601
16893
17184
17475
17766
18058
18640
18932
19660
19805
20097
20825
20970
21262
21990
22135
22427
22718
23300
23592
24320
24466
24757
25485
25631
25922
26650
26796
27087
27378
27961
28252
28980
29126
29417
30145
30291
30582
31310
31456
31747
32038
32621
32912
33640
33786
34077
34805
34951
35242
35970
36116
36407
36699
37281
39611
41941
44271
46601
48932
51262
53592
55922
56213
56504
56796
57087
57378
57669
57961
58252
58543
58834
59126
59417
59708
59999
60582
60873
61165
61456
61747
62038
62330
62621
62912
63203
63495
63786
64077
64368
64660
65242
65533
66262
66407
66698
67427
67572
67864
68592
68737
69029
69320
69902
70194
70922
71067
71359
72087
72232
72524
73252
73398
73689
73980
74563
74854
75582
75728
76019
76747
76893
77184
77912
78058
78349
78640
79223
79514
80242
80388
80679
81407
81553
81844
82572
82718
83009
83300
83883
86213
88543
90873
93203
95533
97864
100194
102524
102815
103106
103398
103689
103980
104271
104563
104854
105145
105436
105728
106019
106310
106601
107184
107475
107766
108058
108349
108640
108931
109223
109514
109805
110097
110388
110679
110970
111262
111844
111990
112135
112427
112718
113009
113300
113592
113883
114174
114465
114757
115048
115339
115631
115922
116504
116650
116796
117087
117378
117669
117961
118252
118543
118834
119126
119417
119708
119999
120291
120582
121164
123495
125825
128155
130485
132815
135145
137475
139805
142135
144465
146796
149126
151456
153786
156116
158446
158737
159029
159320
159611
159902
160194
160485
160776
161067
161359
161650
161941
162232
162524
163106
163397
163689
163980
164271
164563
164854
165145
165436
165728
166019
166310
166601
166893
167184
#1
2
2
2
2
2
2
2
1
2
2
2
2
23
12
1
2
2
2
2
2
2
2
1
2
2
2
2
23
12
1
2
2
2
2
2
2
2
1
2
2
2
2
23
12
1
2
2
2
2
2
2
2
1
2
2
2
2
23
12
12
12
1
12
12
1
12
12
1
12
4
3
12
12
1
12
12
1
12
12
1
12
4
3
12
12
1
12
12
1
12
12
1
12
4
3
12
12
1
12
12
1
12
12
1
12
4
3
12
3
13
23
12
3
13
23
1
2
2
2
2
2
2
2
1
2
2
2
2
23
12
1
2
2
2
2
2
2
2
1
2
2
2
2
23
12
12
12
1
12
12
1
12
12
1
12
4
3
12
12
1
12
12
1
12
12
1
12
4
3
12
12
1
12
12
1
12
12
1
12
4
3
12
12
1
12
12
1
12
12
1
12
4
3
12
3
13
23
12
3
13
23
1
2
2
2
2
2
2
2
1
2
2
2
2
3
3
1
2
2
2
2
2
2
2
1
2
2
2
2
3
3
1
2
2
2
2
2
2
2
2
2
2
2
2
2
3
3
1
2
2
4
4
3
3
2
2
2
2
4
4
3
3
2
12
3
13
23
12
3
13
23
12
3
13
23
12
3
13
23
1
2
2
2
2
2
2
2
1
2
2
2
2
23
12
1
2
2
2
2
2
2
2
1
2
2
2
2
23
12
