8446
8737
9320
9902
10339
10485
11067
11650
12233
12669
12815
13106
13398
13689
13980
14563
14999
15145
15728
16310
16893
17330
17475
17766
18058
18640
19223
19660
19805
20388
20970
21553
21990
22135
22427
22718
23300
23883
24320
24466
25048
25631
26213
26650
26796
27087
27378
27961
28543
28980
29126
29708
30145
30291
30873
31310
31456
31747
32038
32621
33203
33640
33786
34368
34805
34951
35533
35970
36116
36407
36699
36844
36990
37135
37281
37572
37864
38155
38446
38737
39029
39320
39611
39902
40194
40485
40776
41067
41359
41650
41941
42232
42524
42815
43106
43398
43689
43980
44271
44563
44854
45145
45436
45728
46019
46310
46456
46601
46893
47184
47475
47766
48058
48349
48640
48932
49223
49514
49805
50097
50388
50679
50970
51262
51553
51844
52135
52427
52718
53009
53300
53592
53883
54174
54465
54757
55048
55339
55631
55922
56504
56941
57087
57378
57669
57961
58252
58834
59271
59417
59708
59999
60291
60582
61165
61601
61747
62038
62330
62766
62912
63495
63932
64077
64368
64660
65242
65825
66262
66407
66698
66990
67281
67572
68155
68592
68737
69029
69320
69902
70485
70922
71067
71359
71650
72087
72232
72815
73252
73398
73689
73980
74271
74563
75145
75582
75728
76310
76747
76893
77475
77912
78058
78349
78640
79223
79805
80242
80388
80970
81407
81553
82135
82572
82718
83009
83300
83446
83592
83737
83883
84174
84465
84757
85048
85339
85631
85922
86213
86504
86796
87087
87378
87669
87961
88252
88543
88834
89126
89417
89708
89999
90291
90582
90873
91165
91456
91747
92038
92330
92621
92912
93058
93203
93495
93786
94077
94368
94660
94951
95242
95533
95825
96116
96407
96698
96990
97281
97572
97864
98155
98446
98737
99029
99320
99611
99902
100194
100485
100776
101067
101359
101650
101941
102232
102524
103106
103543
103689
104271
104708
104854
105436
105873
106019
106310
106601
107184
107766
108203
108349
108931
109368
109514
110097
110533
110679
110970
111553
111844
112427
112864
113009
113592
114029
114174
114757
115194
115339
115631
115922
116504
116796
117087
117524
117669
117961
118252
118689
118834
119417
119854
119999
120291
120582
120728
120873
121019
121164
121456
121747
122038
122330
122621
122912
123203
123495
123786
124077
124368
124660
124951
125242
125533
125825
126116
126407
126698
126990
127281
127572
127864
128155
128446
128737
129029
129320
129611
129902
130194
130339
130485
130776
131067
131359
131650
131941
132232
132524
132815
133106
133397
133689
133980
134271
134563
134854
135145
135436
135728
136019
136310
136601
136893
137184
137475
137766
137912
138058
138203
138349
138495
138640
138786
138931
139077
139223
139368
139514
139660
139805
140097
140388
140679
140970
141262
141553
141844
142135
142427
142718
143009
143300
143592
143883
144174
144465
144757
145048
145339
145630
145922
146213
146504
146796
147087
147378
147669
147961
148252
148543
148834
148980
149126
149417
149708
149999
150291
150582
150873
151164
151456
151747
152038
152330
152621
152912
153203
153495
153786
154077
154368
154660
154951
155242
155533
155825
156116
156407
156698
156990
157281
157718
157864
158009
158155
158446
159029
159465
159611
160194
160630
160776
161359
161796
161941
162232
162524
162815
163106
163689
164126
164271
164854
165291
165436
166019
166456
166601
166893
#3
3
14
34
1
14
34
14
34
1
14
3
4
3
14
34
1
1
34
14
34
1
14
3
4
14
34
1
1
34
14
34
1
14
14
14
14
34
1
1
34
14
34
1
14
3
1
14
34
1
1
34
1
14
34
1
14
1
1
14
34
1
1
34
1
14
34
1
14
3
3
3
3
3
14
4
34
4
4
4
34
4
14
4
34
4
4
4
34
4
14
4
34
4
4
4
34
4
14
4
34
4
3
3
3
1
3
14
4
34
4
4
4
34
4
14
4
34
4
4
4
34
4
14
4
34
4
4
4
34
4
14
4
34
4
4
34
4
34
14
34
1
14
3
4
3
14
34
1
1
3
14
3
14
34
1
14
3
4
1
14
34
1
1
3
14
14
34
1
14
3
4
3
14
34
1
1
13
13
14
34
1
14
3
4
1
14
34
1
1
3
1
3
14
34
1
14
34
1
14
34
1
1
1
1
14
34
1
14
3
1
14
34
1
1
3
3
3
3
3
14
4
34
4
4
4
34
4
14
4
34
4
4
4
34
4
14
4
34
4
4
4
34
4
14
4
34
4
3
3
3
1
3
14
4
34
4
4
4
34
4
14
4
34
4
4
4
34
4
14
4
34
4
4
4
34
4
14
4
34
4
4
34
4
34
14
34
1
14
3
1
14
34
1
14
1
1
14
34
1
14
3
1
14
34
1
14
3
3
14
34
1
14
3
1
14
34
1
14
1
1
14
1
34
1
14
1
3
1
14
34
1
14
3
3
3
3
3
14
4
34
4
4
4
34
4
14
4
34
4
4
4
34
4
14
4
34
4
4
4
34
4
14
4
34
4
3
3
3
1
3
14
4
34
4
4
4
34
4
14
4
34
4
4
4
34
4
14
4
34
4
4
4
34
4
1
3
3
3
3
3
3
3
3
3
3
3
3
3
3
14
4
34
4
4
4
34
4
14
4
34
4
4
4
34
4
14
4
34
4
4
4
34
4
14
4
34
4
3
3
3
1
3
14
4
34
4
4
4
34
4
14
4
34
4
4
4
34
4
14
4
34
4
4
4
34
4
14
4
34
4
3
3
3
3
3
14
34
1
14
3
1
14
34
1
14
3
1
3
14
34
1
14
3
1
14
34
1
14
3
