4354
5322
6290
7258
7741
8225
8709
9193
9677
10161
10645
11129
11370
11612
12096
12580
13064
13548
14032
14516
14758
15241
15362
15483
15967
16451
16935
17419
17903
18387
18870
19112
19354
19838
20322
20806
21290
21774
22258
22741
23225
23709
24193
24677
25161
25645
26129
26612
26854
27096
27580
28064
28548
28790
28911
29032
29516
29758
30000
30241
30483
30725
30967
31451
31935
32419
32903
33387
33870
34354
34596
34838
35322
35806
36290
36774
37258
37741
38225
38709
39193
39677
40161
40645
41129
41612
42096
42338
42459
42580
43064
43306
43790
44032
44274
45000
45483
45725
45967
46209
46451
46935
47419
47903
48387
48870
49354
49838
50322
50806
51290
51774
52016
52500
52741
52983
53467
53709
54193
54677
55161
55645
56129
56612
57096
57580
58064
58548
59032
59516
59758
60241
60483
60725
61209
61451
61935
62419
62903
63387
63870
64354
64838
65322
65806
66290
66774
67016
67258
67741
68225
68709
68951
69193
69677
69919
70161
70403
70645
70887
71129
71370
71612
71854
72096
72338
72580
72822
73064
73306
73548
73790
74032
74274
74516
74758
75000
75241
75483
75725
75967
76209
76451
76693
76935
77177
77903
78870
79838
80685
80806
81290
81774
82258
82741
82983
83225
83709
84193
84677
85161
85645
86129
86612
86854
87096
87580
88064
88548
88790
89032
89516
90000
90483
90967
91451
91935
92419
92661
92782
92903
93387
93870
94354
94596
94838
95322
96048
96290
96532
96774
97258
97741
98225
98709
99193
99677
100161
100403
100645
101129
101612
102096
102580
103064
103548
104032
104516
105000
105483
105967
106451
106935
107419
107903
108145
108266
108387
108870
109112
109596
109838
110080
110806
111290
111774
111895
112016
112137
112258
112741
113225
113709
114193
114677
115161
115645
116129
116612
117096
117580
117822
118306
118548
118790
119274
119516
120000
120483
120967
121451
121935
122419
122903
123387
123870
124354
124838
125322
125564
126048
126290
126532
127016
127258
127741
127983
128225
128467
128709
128951
129193
129435
129677
129919
130161
130403
130645
130887
131129
131370
131612
131854
132096
132338
132580
132822
133064
133306
133548
133790
134032
134274
134516
134758
135000
135241
135483
135725
135967
136209
136451
136693
136935
137177
137419
137661
137903
138145
138387
138629
138870
139112
139354
139596
139838
140080
140322
140564
140806
141048
141290
141532
141774
142016
142258
142500
142741
142983
150000
150120
150241
150362
150483
151451
152419
153387
154354
154596
154717
154838
155322
155564
156048
156290
156532
156774
157258
157500
157983
158225
158467
158709
159193
159677
160161
160645
161129
161612
161854
162096
162338
162580
163064
163548
163790
164032
164516
165000
165725
165967
166209
166451
166935
167177
167419
167903
168387
168870
169354
169596
169838
170080
170201
170322
170806
171048
171532
171774
172016
172258
172500
172741
172983
173225
173346
173467
173588
173709
173830
173951
174072
174193
174677
175161
175645
176129
176612
177096
177580
178064
178548
179032
179516
179758
180241
180483
180725
181209
181451
181935
182419
182903
183387
183870
184354
184838
185322
185806
186290
186774
187258
187500
187983
188225
188467
188951
189193
189677
189919
190161
190403
190645
190887
191129
191370
191612
191854
192096
192338
192580
192822
193064
193306
193548
193790
194032
194274
194516
194758
195000
195241
195483
195725
195967
196209
196451
196693
196935
197177
197419
197661
197903
198145
198387
198629
198870
199112
199354
199596
199838
200080
200322
200564
200806
201048
201290
201532
201774
202016
202258
202500
202741
205161
205403
206129
206612
206733
206854
207338
207822
208064
209032
209274
209516
209758
210000
210241
210483
210725
210967
211209
211451
211693
211935
212177
212419
212661
212903
213145
213387
213629
213870
214112
214354
214596
214838
215080
215322
215564
215806
216048
216290
216532
216774
217016
217258
217500
217741
217983
218225
218467
218709
218951
219193
219435
219677
219919
220161
220403
220645
220887
221129
221370
221612
221854
222096
222338
222580
222822
223064
223185
223427
223548
223669
223790
223911
224032
224153
224274
224395
224516
224758
225000
225241
225483
225725
225967
226209
226451
226693
226935
227177
227419
227661
227903
228145
228387
228629
228870
229112
229354
229596
229838
230080
230322
230564
230806
231048
231290
231532
231774
232016
232258
232500
232741
232983
233225
233467
233709
233951
234193
234435
234677
234919
235161
235403
235645
235887
236129
236370
236612
236854
237096
237338
237580
237822
238064
238306
238548
238790
239032
239274
239516
239758
#3
3
3
3
14
3
14
3
14
3
14
3
1
14
3
14
3
14
3
14
3
3
1
14
3
14
3
14
3
14
3
1
14
3
14
3
14
3
14
3
14
3
14
3
14
3
14
3
1
14
3
14
3
3
3
14
3
1
3
3
3
3
1
3
1
3
1
3
1
3
1
1
3
1
3
1
3
1
3
1
3
1
3
1
3
1
3
3
3
14
3
14
1
3
14
3
3
3
3
3
2
3
2
3
2
3
2
3
2
3
2
3
4
4
3
4
4
3
2
3
2
3
2
3
2
3
2
3
2
3
4
4
3
4
4
3
2
3
2
3
2
3
2
3
2
3
2
2
3
2
3
2
2
3
2
2
3
2
2
2
3
2
2
2
3
2
2
2
3
2
2
2
3
2
2
2
3
2
2
2
2
3
2
3
3
3
3
3
3
2
3
1
3
1
3
1
1
3
1
3
1
3
1
3
1
1
3
1
3
1
1
3
1
3
1
3
1
3
3
3
1
3
1
3
1
1
3
1
3
1
1
3
1
3
1
3
1
3
1
1
3
1
3
1
3
1
3
1
3
1
3
1
3
1
3
3
3
14
3
14
1
3
14
3
3
3
3
3
3
2
3
2
3
2
3
2
3
2
3
2
3
4
4
3
4
4
3
2
3
2
3
2
3
2
3
2
3
2
3
4
4
3
4
4
3
2
2
3
2
2
2
3
2
2
2
3
2
2
2
3
2
2
2
3
2
2
2
3
2
2
2
3
2
2
2
3
2
2
2
3
2
2
2
3
2
2
2
3
2
2
2
3
2
2
2
3
2
2
2
3
2
2
2
2
3
2
3
3
3
3
3
3
3
34
3
3
3
3
3
3
1
3
4
1
3
4
14
3
14
4
4
4
14
3
14
3
14
3
14
1
3
1
14
3
14
1
3
14
3
3
3
3
14
3
1
14
3
14
3
14
1
3
3
3
14
3
14
1
3
1
14
1
3
1
3
3
3
3
2
2
2
2
2
3
2
3
2
3
2
3
2
3
2
3
4
4
3
4
4
3
2
3
2
3
2
3
2
3
2
3
2
3
4
4
3
4
4
3
2
2
3
2
2
2
3
2
2
2
3
2
2
2
3
2
2
2
3
2
2
2
3
2
2
2
3
2
2
2
3
2
2
2
3
2
2
2
3
2
2
2
3
2
2
2
3
2
34
2
2
34
2
2
34
4
1
3
3
3
3
3
3
34
2
2
3
2
2
2
3
2
2
2
3
2
2
2
3
2
2
2
3
2
2
2
3
2
2
2
3
2
2
2
3
2
2
2
3
2
2
2
3
2
2
2
3
2
2
2
3
2
2
2
3
2
2
2
3
2
2
2
3
3
3
3
3
3
3
3
3
3
3
2
2
3
2
2
2
3
2
2
2
3
2
2
2
3
2
2
2
3
2
2
2
3
2
2
2
3
2
2
2
3
2
2
2
3
2
2
2
3
2
2
2
3
2
2
2
3
2
2
2
3
2
2
2
3
2
2
2
3
2
2
2
3
2
#120
120
120
120
120
120
120
120
120
120
120
120
120
120
120
120
120
120
120
120
120
120
120
120
120
120
120
120
120
120
120
120
120
120
120
120
120
120
120
120
120
120
120
120
120
120
120
120
120
120
120
120
120
120
120
120
120
120
120
120
120
120
120
120
120
120
120
120
120
120
120
120
120
120
120
120
120
120
120
120
120
120
120
120
120
120
120
120
120
120
120
120
120
120
120
120
120
120
120
120
120
120
120
120
120
120
120
120
120
120
120
120
120
120
120
120
120
120
120
120
120
120
120
120
120
120
120
120
120
120
120
120
120
120
120
120
120
120
120
120
120
120
120
120
120
120
120
120
120
120
120
120
120
120
120
120
120
120
120
120
120
120
120
120
120
120
120
120
120
120
120
120
120
120
120
120
120
120
120
120
120
120
120
120
120
120
120
120
120
120
120
120
120
120
120
120
120
120
120
120
120
120
120
120
120
120
120
120
120
120
120
120
120
120
120
120
120
120
120
120
120
120
120
120
120
120
120
120
120
120
120
120
120
120
120
120
120
120
120
120
120
120
120
120
120
120
120
120
120
120
120
120
120
120
120
120
120
120
120
120
120
120
120
120
120
120
120
120
120
120
120
120
120
120
120
120
120
120
120
120
120
120
120
120
120
120
120
120
120
120
120
120
120
120
120
120
120
120
120
120
120
120
120
120
120
120
120
120
120
120
120
120
120
120
120
120
120
120
120
120
120
120
120
120
120
120
120
120
120
120
120
120
120
120
120
120
120
120
120
120
120
120
120
120
120
120
120
120
120
120
120
120
120
120
120
120
120
120
120
120
120
120
120
120
120
120
120
120
120
120
120
120
120
120
120
120
120
120
120
120
120
120
120
120
120
120
120
120
120
120
120
120
120
120
120
120
120
120
120
120
120
120
120
120
120
120
120
120
120
120
120
120
120
120
120
120
120
120
120
120
120
120
120
120
120
120
120
120
120
120
120
120
120
120
120
120
120
120
120
120
120
120
120
120
120
120
120
120
120
120
120
120
120
120
120
120
120
120
120
120
120
120
120
120
120
120
120
120
120
120
120
120
120
120
120
120
120
120
120
120
120
120
120
120
120
120
120
120
120
120
120
120
120
120
120
120
120
120
120
120
120
120
120
120
120
120
120
120
120
120
120
120
120
120
120
120
120
120
120
120
120
120
120
120
120
120
120
120
120
120
120
120
120
120
120
120
120
120
120
120
120
120
120
120
120
120
120
120
120
120
120
120
120
120
120
120
120
120
120
120
120
120
120
120
120
120
120
120
120
120
120
120
120
120
120
120
120
120
120
120
120
120
120
120
120
120
120
120
120
120
120
120
120
120
120
120
120
120
120
120
120
120
120
120
120
120
120
120
120
120
120
120
120
120
120
120
120
120
120
120
120
120
120
120
120
120
120
120
120
120
120
120
120
120
120
120
120
120
120
120
120
120
120
120
120
120
120
120
120
120
120
120
120
120
120
120
120
120
120
120
120
120
120
120
120
120
120
120
120
120
120
120
120
120
120
