241
483
725
967
1209
1935
2177
2661
4112
4354
4596
4838
5080
5806
6048
6532
7983
8225
8467
8709
8951
9919
10161
10403
10645
10887
11854
12096
12338
12580
12822
13790
14032
14274
14516
14758
15725
15967
16209
16451
16693
17661
17903
18145
18387
18629
19596
19838
20080
20322
20564
21532
21774
22016
22258
22500
23467
23709
23951
24193
24435
25403
25645
25887
26129
26370
27338
27580
27822
28064
28306
28911
29758
30241
30483
30725
30967
31209
31451
31693
31935
32177
32419
32661
32903
33145
33387
33629
33870
34112
34354
34596
34838
35080
35322
35564
35806
36048
36290
36532
36774
37016
37258
37500
37741
37983
38225
38467
38709
38951
39193
39435
39677
39919
40161
40403
40645
40887
41129
41370
41612
41854
42096
42338
42580
43306
44274
45241
46451
46693
46935
48145
48508
48629
50080
50564
52016
52500
52983
53467
53951
54193
54435
54677
55887
56250
56370
57822
58306
59758
60241
60725
61209
61693
61935
62177
62419
62661
63145
63387
63629
63870
64112
64354
64596
65080
65322
65564
65806
66048
66290
66532
67016
67258
67500
67741
67983
68225
68467
68951
69193
69435
69677
69919
70161
70403
70887
71129
71370
71612
71854
72096
72338
72822
73064
73306
73548
73790
74032
74274
74758
75000
75241
77419
77661
78145
78629
78870
79112
79596
80080
80322
80564
81532
81774
82016
82258
82500
83467
83709
83951
84193
84435
85403
85645
85887
86129
86370
87338
87580
87822
88064
88306
89274
89516
89758
90000
90241
91209
91451
91693
91935
92177
93145
93387
93629
93870
94112
94717
96048
96290
96532
96774
97016
97258
97500
97741
97983
98225
98467
98709
98951
99193
99435
99677
99919
100161
100403
100645
100887
101129
101370
101612
101854
102096
102338
102580
102822
103064
103306
103548
103790
104032
104274
104516
104758
105000
105241
105483
105725
105967
106209
106451
106693
106935
107177
107419
107661
107903
108145
108387
109112
110080
111048
112258
112500
112741
113951
114314
114435
115887
116370
117822
118306
118790
119274
119758
120000
120241
120483
121693
122056
122177
123629
124112
125564
126048
126532
127016
127500
127741
127983
128225
128467
128951
129193
129435
129677
129919
130161
130403
130887
131129
131370
131612
131854
132096
132338
132822
133064
133306
133548
133790
134032
134274
134758
135000
135241
135483
135725
135967
136209
136693
136935
137177
137419
137661
137903
138145
138629
138870
139112
139354
139596
139838
140080
140564
140806
141048
143467
143709
143951
144193
144435
145161
145403
145887
147338
147580
147822
148064
148306
149032
149274
149758
150967
154838
156532
157258
157500
157741
158709
159193
159677
159919
160161
160645
160887
161129
161370
162580
162701
162822
163064
163185
163306
163548
163669
163790
164032
164274
164516
164758
165000
165241
165483
166451
167903
168145
168387
169112
169233
169354
170080
170201
170322
171048
171290
172016
172258
172379
172500
172620
172741
172862
172983
173104
174193
174435
174677
175887
176250
176370
177822
178306
179758
180241
180725
181209
181693
181935
182177
182419
183629
183991
184112
185564
186048
187500
187983
188467
188951
189435
189677
189919
190161
190403
190887
191129
191370
191612
191854
192096
192338
192822
193064
193306
193548
193790
194032
194274
194758
195000
195241
195483
195725
195967
196209
196693
196935
197177
197419
197661
197903
198145
198629
198870
199112
199354
199596
199838
200080
200564
200806
201048
201290
201532
201774
202016
202500
202741
202983
205403
205645
205887
206129
206370
206612
206854
207096
207338
207580
207822
208064
208306
208548
208790
209032
209274
209516
209758
210241
210483
210725
210967
211209
211451
211693
212177
212419
212661
212903
213145
213387
213629
214112
214354
214596
214838
215080
215322
215564
216048
216290
216532
216774
217016
217258
217500
217983
218225
218467
218709
218951
219193
219435
219919
220161
220403
220645
220887
221129
221370
221854
222096
222338
222580
222822
223064
223306
223790
224032
224274
224516
224758
225000
225241
225725
225967
226209
226451
226693
226935
227177
227661
227903
228145
228387
228629
228870
229112
229596
229838
230080
230322
230564
230806
231048
231532
231774
232016
232258
232500
232741
232983
233467
233709
233951
234193
234435
234677
234919
235403
235645
235887
236129
236370
236612
236854
237338
237580
237822
238064
238306
238548
238790
239274
239516
239758
#23
23
23
13
13
2
2
24
23
23
23
13
13
2
2
24
23
23
13
13
13
2
2
24
24
24
23
23
13
13
13
2
2
24
24
24
23
23
13
13
13
2
2
24
24
24
23
23
13
13
13
2
2
24
24
24
23
23
13
13
13
2
2
24
24
24
23
23
13
13
13
23
24
24
24
24
12
12
12
12
12
12
12
12
12
12
12
12
12
23
23
23
12
12
12
12
12
12
12
12
12
12
12
12
12
23
23
23
12
12
12
12
12
12
12
12
12
12
12
12
12
23
23
23
24
23
13
14
23
23
23
13
13
13
24
23
24
23
1
23
3
23
23
23
13
13
13
24
23
24
23
1
23
3
1
3
4
2
3
4
3
1
3
4
2
3
4
3
1
3
4
2
3
4
3
1
3
4
2
3
4
3
1
3
4
2
3
4
3
1
3
4
2
3
4
3
1
3
4
2
3
4
3
4
4
4
4
4
4
4
4
4
4
23
23
13
13
13
2
2
24
24
24
23
23
13
13
13
2
2
24
24
24
23
23
13
13
13
2
2
24
24
24
23
23
13
13
13
23
24
24
24
12
12
12
12
12
12
12
12
12
12
12
12
12
23
23
23
12
12
12
12
12
12
12
12
12
12
12
12
12
23
23
23
12
12
12
12
12
12
12
12
12
12
12
12
12
23
23
23
24
23
13
14
23
23
23
13
13
13
24
23
24
23
1
23
3
23
23
23
13
13
13
24
23
24
23
1
23
3
1
3
4
2
3
4
3
1
3
4
2
3
4
3
1
3
4
2
3
4
3
1
3
4
2
3
4
3
1
3
4
2
3
4
3
1
3
4
2
3
4
3
1
3
4
2
3
4
3
23
23
23
13
13
2
2
24
23
23
23
13
13
2
2
24
2
4
3
2
1
4
2
2
2
1
2
2
1
2
3
3
2
1
3
2
1
3
2
1
1
4
3
2
2
1
2
4
1
2
4
3
2
3
1
2
2
2
3
3
4
3
2
4
3
2
2
4
23
23
23
13
13
13
24
23
24
23
1
23
3
23
23
23
13
13
13
24
23
24
23
1
23
3
1
3
4
2
3
4
3
1
3
4
2
3
4
3
1
3
4
2
3
4
3
1
3
4
2
3
4
3
1
3
4
2
3
4
3
1
3
4
2
3
4
3
1
3
4
2
3
4
3
2
2
2
2
2
2
2
24
24
24
24
24
34
3
4
1
3
4
2
3
4
3
1
3
4
2
3
4
3
1
3
4
2
3
4
3
1
3
4
2
3
4
3
1
3
4
2
3
4
3
1
3
4
2
3
4
3
1
3
4
2
3
4
3
1
3
4
2
3
4
3
1
3
4
2
3
4
3
1
3
4
2
3
4
3
1
3
4
2
3
4
3
1
3
4
2
3
4
3
1
3
4
2
3
4
3
1
3
4
2
3
4
3
1
3
4
2
3
4
3
1
3
4
2
3
4
3
#241
241
241
241
241
241
241
1209
241
241
241
241
241
241
241
1209
241
241
241
241
241
241
241
241
241
241
241
241
241
241
241
241
241
241
241
241
241
241
241
241
241
241
241
241
241
241
241
241
241
241
241
241
241
241
241
241
241
241
241
241
241
241
241
241
241
241
241
241
241
241
241
846
483
241
241
241
120
120
120
120
120
120
120
120
120
120
120
120
120
241
241
241
120
120
120
120
120
120
120
120
120
120
120
120
120
241
241
241
120
120
120
120
120
120
120
120
120
120
120
120
120
241
241
241
725
967
967
1209
241
241
241
362
120
241
483
1451
483
483
483
483
241
241
241
241
362
120
241
483
1451
483
483
483
483
241
241
241
241
483
241
241
241
241
241
241
483
241
241
241
241
241
241
483
241
241
241
241
241
241
483
241
241
241
241
241
241
483
241
241
241
241
241
241
483
241
241
241
241
241
241
483
241
241
241
241
483
483
241
241
483
483
241
241
725
241
241
241
241
241
241
241
241
241
241
241
241
241
241
241
241
241
241
241
241
241
241
241
241
241
241
241
241
241
241
241
241
241
241
241
1330
241
241
241
120
120
120
120
120
120
120
120
120
120
120
120
120
241
241
241
120
120
120
120
120
120
120
120
120
120
120
120
120
241
241
241
120
120
120
120
120
120
120
120
120
120
120
120
120
241
241
241
725
967
967
1209
241
241
241
362
120
241
483
1451
483
483
483
483
241
241
241
241
362
120
241
483
1451
483
483
483
483
241
241
241
241
483
241
241
241
241
241
241
483
241
241
241
241
241
241
483
241
241
241
241
241
241
483
241
241
241
241
241
241
483
241
241
241
241
241
241
483
241
241
241
241
241
241
483
241
241
241
241
241
241
241
241
241
241
1209
241
241
241
241
241
241
241
1209
3870
1693
725
120
120
725
483
483
241
241
483
241
241
241
1209
120
120
241
120
120
241
120
120
241
241
241
241
241
241
241
967
1451
241
241
725
120
120
725
120
120
725
241
725
241
120
120
120
120
120
120
120
846
241
241
241
362
120
241
483
1451
483
483
483
483
241
241
241
241
362
120
241
483
1451
483
483
483
483
241
241
241
241
483
241
241
241
241
241
241
483
241
241
241
241
241
241
483
241
241
241
241
241
241
483
241
241
241
241
241
241
483
241
241
241
241
241
241
483
241
241
241
241
241
241
483
241
241
241
241
241
241
241
241
241
241
241
241
241
241
241
241
241
241
241
241
241
483
241
241
241
241
241
241
483
241
241
241
241
241
241
483
241
241
241
241
241
241
483
241
241
241
241
241
241
483
241
241
241
241
241
241
483
241
241
241
241
241
241
483
241
241
241
241
241
241
483
241
241
241
241
241
241
483
241
241
241
241
241
241
483
241
241
241
241
241
241
483
241
241
241
241
241
241
483
241
241
241
241
241
241
483
241
241
241
241
241
241
483
241
241
241
241
241
241
483
241
241
241
241
241
241
483
241
241
241
