0
661
882
1102
1323
1764
2426
2647
2867
3088
3308
3529
4191
4411
4632
4852
5294
5955
6176
6397
6617
6838
7058
7720
7941
8161
8382
8823
9485
9705
9926
10147
10367
10588
11249
11470
11691
11911
12352
13014
13235
13455
13676
13897
14117
14779
14999
15220
15441
15882
16544
16764
16985
17205
17426
17647
18308
18529
18749
18970
19411
20073
20294
20514
20735
20955
21176
21838
22058
22279
22499
22941
23602
23823
24044
24264
24485
24705
25367
25588
25808
26029
26470
27132
27352
27573
27794
28014
28235
28455
28676
28897
29117
29338
29558
29779
29999
30220
30441
30661
30882
31102
31323
31544
31764
31985
32205
32426
32647
32867
33088
33308
33529
33749
33970
34191
34411
34632
34852
35073
35294
35735
36176
36617
37058
37499
37941
38382
38823
39264
39705
40147
40588
41029
41470
41911
42352
42794
43235
43676
44117
44558
44999
45441
45882
46323
46764
47205
47647
48088
48529
48970
49411
49852
50294
50735
51176
51617
52058
52499
52941
53382
53823
54264
54705
55147
55588
56029
56470
56911
57352
57794
58235
59999
60661
60882
61102
61323
61764
62426
62646
62867
63088
63308
63529
64191
64411
64632
64852
65294
67058
67720
67941
68161
68382
68823
69485
69705
69926
70146
70367
70588
71249
71470
71691
71911
72352
73014
73235
73455
73676
73896
74117
74779
74999
75220
75441
75882
76544
76764
76985
77205
77426
77646
78308
78529
78749
78970
79411
80073
80294
80514
80735
80955
81176
81838
82058
82279
82499
82941
83602
83823
84044
84264
84485
84705
85367
85588
85808
86029
86470
87132
87352
87573
87794
88014
88235
88896
89117
89338
89558
89999
90661
90882
91102
91323
91544
91764
92426
92646
92867
93088
93529
94191
94411
94632
94852
95073
95294
95514
95735
95955
96176
96396
96617
96838
97058
97279
97499
97720
97941
98161
98382
98602
98823
99044
99264
99485
99705
99926
100146
100367
100588
100808
101029
101249
101470
101691
101911
102132
102352
102794
103235
103676
104117
104558
104999
105441
105882
106323
106764
107205
107646
108088
108529
108970
109411
109852
110294
110735
111176
111617
112058
112499
112941
113382
113823
114264
114705
115146
115588
116029
116470
116911
117352
117793
118235
118676
119117
119558
119999
120441
120882
121323
121764
122205
122646
123088
123529
123970
124411
124852
125293
125735
126176
126617
127058
127720
127941
128382
128823
129485
129705
130146
130588
132132
132352
134117
134779
134999
135441
135882
136543
136764
137205
137646
139191
139411
141176
141838
142058
142499
142941
143602
143823
144264
144705
146249
146470
148235
148896
149117
149558
149999
150661
150882
151323
151764
153308
153529
155293
155514
155735
155955
156176
156396
156617
156838
157058
157279
157499
157720
157941
158161
158382
158602
158823
159043
159264
159485
159705
159926
160146
160367
160588
160808
161029
161249
161470
161691
161911
162132
162352
162573
162793
163014
163235
163455
163676
163896
164117
164338
164558
164779
164999
165220
165441
165661
165882
166102
166323
166543
166764
166985
167205
167426
167646
167867
168088
168308
168529
168749
168970
169190
169411
169852
170293
170735
171176
171617
172058
172499
172940
173382
173823
174264
174705
175146
175588
176029
176470
176911
177352
177793
178235
178676
179117
179558
179999
180440
180882
181323
181764
182205
182646
183088
183529
183970
184411
184852
185293
185735
186176
186617
187058
187499
187940
188382
188823
189264
189705
190146
190588
191029
191470
191911
192352
192793
193235
193676
194117
194558
194999
195440
195882
196323
196764
197205
197646
198088
198529
198970
199411
199852
200293
200735
#1
1
2
3
4
1
1
2
3
4
2
1
1
2
3
4
1
1
2
3
4
2
2
2
1
2
4
2
2
1
2
4
3
2
2
1
2
4
2
2
1
2
4
3
1
1
2
3
4
1
1
2
3
4
2
1
1
2
3
4
1
1
2
3
4
2
2
2
1
2
4
2
2
1
2
4
3
2
2
1
2
4
2
2
1
2
4
3
12
12
12
12
12
12
12
12
23
23
23
23
23
23
23
23
34
34
34
34
34
34
34
34
34
34
34
34
34
34
34
34
12
12
12
12
23
23
23
23
13
13
13
13
13
13
13
13
12
12
12
12
23
23
23
23
13
13
13
13
13
13
13
13
12
12
12
12
23
23
23
23
34
34
34
34
13
13
13
13
12
12
12
12
23
1
1
2
3
4
1
1
2
3
4
2
1
1
2
3
4
1
1
1
2
3
4
1
1
2
3
4
2
1
1
2
3
4
1
1
2
3
4
2
2
2
1
2
4
2
2
1
2
4
3
2
2
1
2
4
2
2
1
2
4
3
1
1
2
3
4
1
1
2
3
4
2
1
1
2
3
4
1
1
2
3
4
2
2
2
1
2
4
2
2
1
2
4
3
2
2
1
2
4
2
2
1
2
4
3
12
12
12
12
12
12
12
12
23
23
23
23
23
23
23
23
34
34
34
34
34
34
34
34
34
34
34
34
34
34
34
34
12
12
12
12
23
23
23
23
13
13
13
13
13
13
13
13
12
12
12
12
23
23
23
23
13
13
13
13
13
13
13
13
12
12
12
12
23
23
23
23
34
34
34
34
13
13
13
13
12
12
12
12
23
23
23
23
1
4
3
2
1
4
3
2
23
1
2
1
4
3
2
1
4
3
2
23
1
2
1
4
3
2
1
4
3
2
23
1
2
1
4
3
2
1
4
3
2
23
1
2
12
12
12
12
12
12
12
12
23
23
23
23
23
23
23
23
34
34
34
34
34
34
34
34
34
34
34
34
34
34
34
34
12
12
12
12
12
12
12
12
23
23
23
23
23
23
23
23
34
34
34
34
34
34
34
34
34
34
34
34
34
34
34
34
12
12
12
12
23
23
23
23
13
13
13
13
13
13
13
13
12
12
12
12
23
23
23
23
13
13
13
13
13
13
13
13
12
12
12
12
23
23
23
23
34
34
34
34
13
13
13
13
12
12
12
12
23
23
23
23
12
12
12
12
23
23
23
23
12
12
12
12
23
23
23
23
#110
110
110
110
110
110
110
110
110
110
110
110
110
110
110
110
110
110
110
110
110
110
110
110
110
110
110
110
110
110
110
110
110
110
110
110
110
110
110
110
110
110
110
110
110
110
110
110
110
110
110
110
110
110
110
110
110
110
110
110
110
110
110
110
110
110
110
110
110
110
110
110
110
110
110
110
110
110
110
110
110
110
110
110
110
110
110
110
110
110
110
110
110
110
110
110
110
110
110
110
110
110
110
110
110
110
110
110
110
110
110
110
110
110
110
110
110
110
110
110
441
441
441
441
441
441
441
441
441
441
441
441
441
441
441
441
441
441
441
441
441
441
441
441
441
441
441
441
441
441
441
441
441
441
441
441
441
441
441
441
441
441
441
441
441
441
441
441
441
441
441
441
110
110
110
110
110
110
110
110
110
110
110
110
110
110
110
110
110
1764
110
110
110
110
110
110
110
110
110
110
110
110
110
110
110
110
110
110
110
110
110
110
110
110
110
110
110
110
110
110
110
110
110
110
110
110
110
110
110
110
110
110
110
110
110
110
110
110
110
110
110
110
110
110
110
110
110
110
110
110
110
110
110
110
110
110
110
110
110
110
110
110
110
110
110
110
110
110
110
110
110
110
110
110
110
110
110
110
110
110
110
110
110
110
110
110
110
110
110
110
110
110
110
110
110
110
110
110
110
110
110
110
110
110
110
110
110
110
110
110
441
441
441
441
441
441
441
441
441
441
441
441
441
441
441
441
441
441
441
441
441
441
441
441
441
441
441
441
441
441
441
441
441
441
441
441
441
441
441
441
441
441
441
441
441
441
441
441
441
441
441
441
441
441
441
441
110
220
441
441
110
220
441
441
1544
220
1764
110
220
441
441
110
220
441
441
1544
220
1764
110
220
441
441
110
220
441
441
1544
220
1764
110
220
441
441
110
220
441
441
1544
220
1764
110
110
110
110
110
110
110
110
110
110
110
110
110
110
110
110
110
110
110
110
110
110
110
110
110
110
110
110
110
110
110
110
110
110
110
110
110
110
110
110
110
110
110
110
110
110
110
110
110
110
110
110
110
110
110
110
110
110
110
110
110
110
110
110
441
441
441
441
441
441
441
441
441
441
441
441
441
441
441
441
441
441
441
441
441
441
441
441
441
441
441
441
441
441
441
441
441
441
441
441
441
441
441
441
441
441
441
441
441
441
441
441
441
441
441
441
441
441
441
441
441
441
441
441
441
441
441
441
441
441
441
441
441
441
441
441
