0
441
661
882
1102
1323
1764
2205
2426
2647
2867
3088
3308
3529
3970
4191
4411
4632
4852
5294
5735
5955
6176
6397
6617
6838
7058
7499
7720
7941
8161
8382
8823
9264
9485
9705
9926
10147
10367
10588
11029
11249
11470
11691
11911
12352
12794
13014
13235
13455
13676
13897
14117
14558
14779
14999
15220
15441
15882
16323
16544
16764
16985
17205
17426
17647
18088
18308
18529
18749
18970
19411
19852
20073
20294
20514
20735
20955
21176
21617
21838
22058
22279
22499
22941
23382
23602
23823
24044
24264
24485
24705
25147
25367
25588
25808
26029
26470
26911
27132
27352
27573
27794
28014
28235
33749
33860
33970
34191
34411
34522
34632
34742
34852
34963
35073
35183
35294
35735
36176
36617
37058
37499
37941
38382
38823
39264
39705
40147
40588
41029
41470
41911
42022
42132
42242
42352
42794
43235
43676
44117
44558
44999
45441
45882
46323
46764
47205
47647
47867
48088
48529
48749
48860
48970
49411
49852
50294
50735
51176
51617
52058
52499
52941
53382
53823
54264
54705
55147
55588
55808
56029
56470
56911
57352
57794
58235
59999
60441
60661
60882
61102
61323
61764
62205
62426
62646
62867
63088
63308
63529
63970
64191
64411
64632
64852
65514
65624
65845
66176
66286
66617
67058
67499
67720
67941
68161
68382
68823
69264
69485
69705
69926
70146
70367
70588
71029
71249
71470
71691
71911
72352
72794
73014
73235
73455
73676
73896
74117
74558
74779
74999
75220
75441
75882
76323
76544
76764
76985
77205
77426
77646
78088
78308
78529
78749
78970
79411
79852
80073
80294
80514
80735
80955
81176
81617
81838
82058
82279
82499
82941
83382
83602
83823
84044
84264
84485
84705
85146
85367
85588
85808
86029
86470
86911
87132
87352
87573
87794
88014
88235
88676
88896
89117
89338
89558
89999
90441
90661
90882
91102
91323
91544
91764
92205
92426
92646
92867
93088
93529
93970
94411
94632
94852
95073
95294
95735
96176
96617
97058
97499
97941
98382
98823
99264
99705
100146
100588
100808
101249
101470
101580
101691
101801
101911
102021
102132
102242
102352
102794
103235
103676
104117
104558
104999
105441
105882
106323
106764
107205
107646
108088
108529
108970
109080
109191
109301
109411
109852
110294
110735
111176
111617
112058
112499
112941
113382
113823
114264
114705
114926
115146
115588
115808
115918
116029
116470
116911
117352
117793
118235
118676
119117
119558
119999
120441
120882
121323
121764
122205
122646
122867
123088
123529
123970
124411
124852
125293
125735
126176
126617
127058
127499
127941
128382
128823
129264
129705
130146
130588
131029
131470
131911
132352
132793
133235
133566
133676
133896
134117
134558
134999
135441
135882
136323
136764
137205
137646
138088
138529
138970
139411
139852
140293
140624
140735
141176
141617
142058
142499
142941
143382
143823
144264
144705
145146
145588
146029
146470
146911
147352
147793
148235
148676
149117
149558
149999
150441
150882
151323
151764
152205
152646
153088
153529
153749
154191
154411
154521
154852
155293
155735
156176
156617
157058
157499
157941
158382
158823
159264
159705
160146
160588
161029
161470
161911
162352
162793
163235
163676
164117
164558
164999
165441
165882
166323
166764
167205
167536
167646
168088
168308
168529
168860
168970
169080
169411
169852
170293
170735
171176
171617
172058
172499
172940
173382
173823
174264
174705
175146
175588
176029
176139
176249
176360
176470
176911
177352
177793
178235
178676
179117
179558
179999
180440
180882
181323
181764
181985
182205
182646
182867
182977
183088
183529
183970
184411
184852
185293
185735
186176
186617
187058
187499
187940
188382
188823
189264
189705
190146
190588
191029
191470
191911
192352
192793
193235
193345
193676
193786
193896
194117
194558
194999
195440
195882
196323
196764
197205
197646
198088
198529
198970
199411
199852
200293
200735
#14
3
1
1
1
3
1
3
1
1
1
3
4
1
3
1
1
13
34
1
3
1
1
1
3
3
14
3
1
1
1
3
1
3
1
1
1
3
4
1
3
1
1
13
34
1
3
1
1
3
1
1
1
3
1
1
1
3
1
3
1
1
1
3
4
1
3
1
1
13
34
1
3
1
1
1
3
1
1
3
1
1
1
3
1
3
1
1
1
3
4
1
3
1
1
13
34
1
3
1
1
3
1
1
4
3
3
3
1
3
3
1
4
3
3
3
3
14
3
14
3
14
3
14
3
14
3
14
3
14
3
14
3
3
3
3
14
3
14
3
14
3
14
3
14
3
14
3
14
3
3
3
3
3
3
14
3
14
3
14
3
14
3
14
3
14
3
14
3
14
3
3
14
3
14
3
14
14
3
1
1
1
3
1
3
1
1
1
3
4
1
3
1
1
13
34
3
3
3
3
3
3
14
3
1
1
1
3
1
3
1
1
1
3
4
1
3
1
1
13
34
1
3
1
1
1
3
3
14
3
1
1
1
3
1
3
1
1
1
3
4
1
3
1
1
13
34
1
3
1
1
3
1
1
1
3
1
1
1
3
1
3
1
1
1
3
4
1
3
1
1
13
34
1
3
1
1
1
3
1
1
3
1
1
1
3
1
3
1
1
1
3
4
1
3
1
1
13
34
1
3
1
3
1
1
14
1
1
1
1
1
1
1
1
1
1
1
1
3
3
3
3
3
4
1
3
3
3
14
3
14
3
14
3
14
3
14
3
14
3
14
3
14
3
3
3
3
14
3
14
3
14
3
14
3
14
3
14
3
14
3
3
3
3
3
3
14
3
14
3
14
3
14
3
14
3
14
3
14
3
14
3
3
14
3
14
3
14
3
3
3
14
3
14
3
14
3
14
3
14
3
14
3
14
3
14
3
3
1
14
3
14
3
14
3
14
3
14
3
14
3
14
3
14
3
3
14
3
14
3
14
3
14
3
14
3
14
3
14
3
14
3
14
3
14
3
14
3
14
3
14
3
14
3
14
3
3
3
3
3
14
1
1
1
1
1
1
1
1
1
1
1
1
1
1
1
1
1
1
1
1
1
1
1
1
1
1
1
3
1
13
3
13
3
13
3
14
3
14
3
14
3
14
3
14
3
14
3
14
3
14
3
3
3
3
14
3
14
3
14
3
14
3
14
3
14
3
14
3
3
3
3
3
3
14
3
14
3
14
3
14
3
14
3
14
3
14
3
14
3
14
3
14
3
14
3
3
3
3
3
3
14
3
14
3
14
3
14
3
3
3
3
3
13
13
13
13
#110
110
110
110
110
110
110
110
110
110
110
110
110
110
110
110
110
110
110
110
110
110
110
110
110
110
110
110
110
110
110
110
110
110
110
110
110
110
110
110
110
110
110
110
110
110
110
110
110
110
110
110
110
110
110
110
110
110
110
110
110
110
110
110
110
110
110
110
110
110
110
110
110
110
110
110
110
110
110
110
110
110
110
110
110
110
110
110
110
110
110
110
110
110
110
110
110
110
110
110
110
110
110
110
110
110
110
110
110
110
110
110
110
110
110
110
110
110
110
110
110
110
110
110
110
110
110
110
110
110
110
110
110
110
110
110
110
110
110
110
110
110
110
110
110
110
110
110
110
110
110
110
110
110
110
110
110
110
110
110
110
110
110
110
110
110
110
110
110
110
110
110
110
110
110
110
110
110
110
110
110
110
110
110
110
110
110
110
110
110
110
110
110
110
110
110
110
110
110
110
110
110
110
110
110
110
110
110
110
110
110
110
110
110
110
110
110
110
110
110
110
110
110
110
110
110
110
110
110
110
110
110
110
110
110
110
110
110
110
110
110
110
110
110
110
110
110
110
110
110
110
110
110
110
110
110
110
110
110
110
110
110
110
110
110
110
110
110
110
110
110
110
110
110
110
110
110
110
110
110
110
110
110
110
110
110
110
110
110
110
110
110
110
110
110
110
110
110
110
110
110
110
110
110
110
110
110
110
110
110
110
110
110
110
110
110
110
110
110
110
110
110
110
110
110
110
110
110
110
110
110
110
110
110
110
110
110
110
110
110
110
110
110
110
110
110
110
110
110
110
110
110
110
110
110
110
110
110
110
110
110
110
110
110
110
110
110
110
110
110
110
110
110
110
110
110
110
110
110
110
110
110
110
110
110
110
110
110
110
110
110
110
110
110
110
110
110
110
110
110
110
110
110
110
110
110
110
110
110
110
110
110
110
110
110
110
110
110
110
110
110
110
110
110
110
110
110
110
110
110
110
110
110
110
110
110
110
110
110
110
110
110
110
110
110
110
110
110
110
110
110
110
110
110
110
110
110
110
110
110
110
110
110
110
110
110
110
110
110
110
110
110
110
110
110
110
110
110
110
110
110
110
110
110
110
110
110
110
110
110
110
110
110
110
110
110
110
110
110
110
110
110
110
110
110
110
110
110
110
110
110
110
110
110
110
110
110
110
110
110
110
110
110
110
110
110
110
110
110
110
110
110
110
110
110
110
110
110
110
110
110
110
110
110
110
110
110
110
110
110
110
110
110
110
110
110
110
110
110
110
110
110
110
110
110
110
110
110
110
110
110
110
110
110
110
110
110
