1392
1648
1904
2161
2417
2674
2930
3186
3443
3699
3956
4212
4469
4725
4981
5238
5494
5751
6007
6263
6520
6776
7033
7289
7545
7802
8058
8315
8571
8827
9084
9340
9597
9853
10110
10366
10622
10879
11135
11392
11648
11904
12161
12417
12674
12930
13186
13443
13699
13956
14212
14469
14725
14981
15238
15494
15751
16007
16263
16520
16776
17033
17289
17545
17802
18058
18315
18571
18828
19084
19340
19597
19853
20110
20366
20622
20879
21135
21392
21648
21904
22417
22674
22930
23186
23443
23699
23956
24469
24981
25494
26007
26263
26520
26776
27033
27289
27545
27802
28058
28315
28571
28828
29084
29340
29597
29853
30110
30366
30622
30879
31135
31392
31648
31904
32161
32417
32674
32930
33186
33443
33699
33956
34212
34469
34725
34981
35238
35494
35751
36007
36263
36520
36776
37033
37289
37545
37802
38058
38315
38571
38828
39084
39340
39597
39853
40110
40366
40622
40879
41135
41392
41648
41904
42161
42417
42674
42930
43187
43443
43699
43956
44212
44469
44725
44981
45238
45494
45751
46007
46263
46520
46776
47033
47289
47545
47802
48058
48315
48571
48828
49084
49340
49597
49853
50110
50366
50622
50879
51135
51392
51648
51904
52161
52417
52674
52930
53187
53443
53699
53956
54212
54469
54725
54981
55238
55494
55751
56007
56263
56520
56776
57033
57289
57545
57802
58058
58315
58571
58828
59084
59340
59597
59853
60110
60366
60622
60879
61135
61392
61648
61904
62161
62417
62674
62930
63187
63443
63699
63956
64212
64469
66520
67033
67546
68058
68571
69084
69597
70110
70622
71135
71648
72161
72674
73187
73699
74212
74725
75238
75751
76263
76776
77289
77802
78315
78828
79340
79853
80366
80879
81392
81904
82417
82930
83443
83956
84469
84981
85494
86007
86520
87033
87546
88058
88571
89084
89597
90110
90622
91135
91648
92161
92674
93187
93699
94212
94725
95238
95751
96263
96776
97289
97802
98315
98828
99340
99853
100110
100366
100622
100879
101135
101392
101648
101905
102161
102417
102674
102930
103187
103443
103699
103956
104212
104469
104725
104981
105238
105494
105751
106007
106263
106520
106776
107033
107546
108058
108315
108571
108828
109084
109340
109597
109853
110110
110366
110622
110879
111135
111392
111648
111905
112161
112417
112674
112930
113187
113443
113699
113956
114212
114469
114725
114981
115238
115751
116263
116520
116776
117033
117289
117546
117802
118058
118315
118571
118828
119084
119340
119597
119853
120110
120366
120622
120879
121135
121392
121648
121905
122161
122417
122674
122930
123187
123443
123699
123956
124212
124469
124725
124981
125238
125494
125751
126007
126264
126520
126776
127033
127289
127546
127802
128058
128315
128571
128828
129084
129340
129597
129853
130110
130366
130622
130879
131135
131392
131648
131905
132161
132417
132674
132930
133187
133443
133699
133956
134212
134469
134725
134981
135238
135494
135751
136007
136264
136520
136776
137033
137289
137546
137802
138058
138315
138571
138828
139340
139597
140110
140366
140622
140879
141392
141905
142417
142930
143443
143956
144469
144981
145494
146007
146520
147033
147546
148058
148571
149084
149597
150110
150623
151135
151648
152161
152674
153187
153699
154212
154725
155238
155751
156776
157033
157289
157802
158315
158828
159340
159853
160366
160879
161392
161905
162417
162930
163443
163956
164469
164981
165494
166007
166520
167033
167546
168058
168571
169084
169597
170110
170623
171135
171648
172161
172674
173187
173699
173956
174212
174469
174725
174982
175238
175494
175751
176007
176264
176520
176776
177033
177289
177546
177802
178058
178315
178571
178828
179084
179340
179597
179853
180110
180366
180623
180879
181135
181392
181648
181905
182161
182417
182674
182930
183187
183443
183699
183956
184212
184469
184725
184982
185238
185494
185751
186007
186264
186520
186776
187033
187289
187546
187802
188058
188315
188571
188828
189084
190110
190366
190623
190879
191135
191392
191648
191905
192161
192417
192674
192930
193187
193443
193699
193956
194212
194469
194725
194982
195238
195494
195751
196007
196264
196520
196776
197033
197289
197802
198315
198571
198828
199084
199341
199597
199853
200110
200366
200623
200879
201135
201392
201648
201905
202161
202417
202674
202930
203187
203443
203699
203956
204212
204469
204725
204982
205238
205494
206007
206520
206776
207033
207289
207546
207802
208058
208315
208571
208828
209084
209341
209597
209853
210110
210366
210623
210879
211135
211392
211648
211905
212161
212417
212674
212930
213187
213443
213699
214212
214725
#1
4
3
4
1
4
3
4
1
4
3
4
1
4
3
4
1
4
3
4
1
4
3
4
3
4
3
4
3
4
3
4
1
4
3
4
1
4
3
4
1
4
3
4
1
4
3
4
1
4
3
4
1
4
3
4
1
4
3
4
1
4
3
4
1
4
3
4
1
4
3
4
1
4
3
4
1
4
3
4
1
3
4
1
4
3
4
1
3
1
1
1
4
3
4
1
4
3
4
1
4
3
4
1
4
3
4
1
4
3
4
1
4
3
4
1
4
3
4
1
4
3
4
1
4
3
4
1
4
3
4
1
4
3
4
1
4
3
4
1
4
3
4
1
4
3
4
1
4
3
4
1
4
3
4
1
4
3
4
1
4
3
4
1
4
3
4
1
4
3
4
1
4
3
4
1
4
3
4
1
4
3
4
1
4
3
4
1
4
3
4
1
4
3
4
1
4
3
4
1
4
3
4
1
4
3
4
1
4
3
4
1
4
3
4
1
4
3
4
1
4
3
4
1
4
3
4
1
4
3
4
1
4
3
4
1
4
3
4
1
4
3
3
1
3
1
3
1
3
1
3
1
3
1
3
1
3
1
3
1
3
1
3
1
3
1
3
1
3
1
3
1
3
1
3
1
3
1
3
1
3
1
3
1
3
1
3
1
3
1
3
1
3
1
3
1
3
1
3
1
3
1
3
1
3
1
1
1
4
3
4
1
4
3
4
1
4
3
4
1
4
3
4
1
4
3
4
1
4
3
4
1
4
3
4
1
1
1
4
3
4
1
4
3
4
1
4
3
4
1
4
3
4
1
4
3
4
1
4
3
4
1
4
3
4
1
1
1
4
3
4
1
4
3
4
1
4
3
4
1
4
3
4
1
4
3
4
1
4
3
4
1
4
3
4
1
4
3
4
1
4
3
4
1
4
3
4
1
4
3
4
1
4
3
4
1
4
3
4
1
4
3
4
1
4
3
4
1
4
3
4
1
4
3
4
1
4
3
4
3
4
3
4
3
4
3
4
3
4
3
4
3
4
3
4
3
3
4
4
3
4
1
3
1
3
1
3
1
3
1
3
1
3
1
3
1
3
1
3
1
3
1
3
1
3
1
3
1
3
1
1
3
4
1
3
1
3
1
3
1
3
1
3
1
3
1
3
1
3
1
3
1
3
1
3
1
3
1
3
1
3
1
3
1
3
1
4
3
4
1
4
3
4
1
4
3
4
1
4
3
4
1
4
3
4
1
4
3
4
1
4
3
4
1
4
3
4
1
4
3
4
1
4
3
4
1
4
3
4
1
4
3
4
1
4
3
4
1
4
3
4
1
4
3
4
1
1
4
3
4
1
4
3
4
1
4
3
4
1
4
3
4
1
4
3
4
1
4
3
4
1
4
3
4
1
1
1
4
3
4
1
4
3
4
1
4
3
4
1
4
3
4
1
4
3
4
1
4
3
4
1
4
3
4
1
1
1
4
3
4
1
4
3
4
1
4
3
4
1
4
3
4
1
4
3
4
1
4
3
4
1
4
3
4
1
1
1
#128
128
128
128
128
128
128
128
128
128
128
128
128
128
128
128
128
128
128
128
128
128
128
128
128
128
128
128
128
128
128
128
128
128
128
128
128
128
128
128
128
128
128
128
128
128
128
128
128
128
128
128
128
128
128
128
128
128
128
128
128
128
128
128
128
128
128
128
128
128
128
128
128
128
128
128
128
128
128
128
128
128
128
128
128
128
128
128
128
128
128
128
128
128
128
128
128
128
128
128
128
128
128
128
128
128
128
128
128
128
128
128
128
128
128
128
128
128
128
128
128
128
128
128
128
128
128
128
128
128
128
128
128
128
128
128
128
128
128
128
128
128
128
128
128
128
128
128
128
128
128
128
128
128
128
128
128
128
128
128
128
128
128
128
128
128
128
128
128
128
128
128
128
128
128
128
128
128
128
128
128
128
128
128
128
128
128
128
128
128
128
128
128
128
128
128
128
128
128
128
128
128
128
128
128
128
128
128
128
128
128
128
128
128
128
128
128
128
128
128
128
128
128
128
128
128
128
128
128
128
128
128
128
128
128
128
128
128
128
128
128
128
128
128
128
128
128
128
128
128
128
128
128
128
128
128
128
128
128
128
128
128
128
128
128
128
128
128
128
128
128
128
128
128
128
128
128
128
128
128
128
128
128
128
128
128
128
128
128
128
128
128
128
128
128
128
128
128
128
128
128
128
128
128
128
128
128
128
128
128
128
128
128
128
128
128
128
128
128
128
128
128
128
128
128
128
128
128
128
128
128
128
128
128
128
128
128
128
128
128
128
128
128
128
128
128
128
128
128
128
128
128
128
128
128
128
128
128
128
128
128
128
128
128
128
128
128
128
128
128
128
128
128
128
128
128
128
128
128
128
128
128
128
128
128
128
128
128
128
128
128
128
128
128
128
128
128
128
128
128
128
128
128
128
128
128
128
128
128
128
128
128
128
128
128
128
128
128
128
128
128
128
128
128
128
128
128
128
128
128
128
128
128
128
128
128
128
128
128
128
128
128
128
128
128
128
128
128
128
128
128
128
128
128
128
128
128
128
128
128
128
128
128
128
128
128
128
128
128
128
128
128
128
128
128
128
128
128
128
128
128
128
128
128
128
128
128
128
128
128
128
128
128
128
128
128
128
128
128
128
128
128
128
128
128
128
128
128
128
128
128
128
128
128
128
128
128
128
128
128
128
128
128
128
128
128
128
128
128
128
128
128
128
128
128
128
128
128
128
128
128
128
128
128
128
128
128
128
128
128
128
128
128
128
128
128
128
128
128
128
128
128
128
128
128
128
128
128
128
128
128
128
128
128
128
128
128
128
128
128
128
128
128
128
128
128
128
128
128
128
128
128
128
128
128
128
128
128
128
128
128
128
128
128
128
128
128
128
128
128
128
128
128
128
128
128
128
128
128
128
128
128
128
128
128
128
128
128
128
128
128
128
128
128
128
128
128
128
128
128
128
128
128
128
128
128
128
128
128
128
128
128
128
128
128
128
128
128
128
128
128
128
128
128
128
128
128
128
128
128
128
128
128
128
128
128
128
