897
1282
1666
1794
2051
2564
3076
3589
4102
4615
5128
5384
5641
6153
6666
7179
7692
8205
8717
9230
9487
9743
10000
10256
10769
11282
11794
12307
12820
13333
13589
13846
14358
14871
15384
15897
16410
16923
17435
17692
17948
18205
18461
18974
19487
20000
20512
21025
21538
21794
22051
22564
23076
23589
24102
24615
25128
25641
25897
26153
26410
26666
29743
30769
33846
34871
37948
38974
42051
43076
46153
47179
50256
51282
54359
55384
58461
59487
60000
60512
61025
61538
62051
62564
62820
63076
63589
64102
64615
65128
67692
69487
70512
71794
74615
75897
77692
78974
80000
83077
84102
85897
87179
88205
91025
92307
94102
95384
96410
100512
101025
101538
102051
102564
103077
103589
103846
104102
104615
105128
105641
106153
106666
107179
108718
109230
109743
110256
110769
111282
111794
112051
112307
112820
113333
113846
114359
114871
115384
115897
116153
116410
116666
116923
117436
117948
118461
118974
119487
120000
120256
120512
121025
121538
122051
122564
123077
123589
124102
124359
124615
124871
125128
125384
125641
125897
126153
126410
126666
126923
127179
127436
127692
127948
128205
128461
128718
128974
129230
129487
129743
130000
130256
130512
130769
131025
131282
131538
131794
132051
132307
132564
132820
133077
133333
133589
133846
134102
134359
134615
134871
135128
135384
135641
135897
136153
136410
136666
136923
137179
141538
143333
144359
145641
148461
149743
151538
152820
153846
156923
157179
157436
157692
157948
161025
162051
164102
166154
169230
170256
172307
174359
174615
174871
175128
175384
175641
175897
176154
176410
176666
176923
177179
177436
177692
177948
178205
178461
178718
178974
179230
179487
179743
180000
180256
180512
180769
181025
181282
181538
181795
182051
182307
182564
182820
183077
183333
183589
183846
184102
184359
184615
184871
185128
185384
185641
185897
186154
186410
186666
186923
187179
187436
187692
187948
188205
188461
188718
188974
189230
189487
189743
190000
190256
190513
190769
193846
194871
196923
198974
202051
203077
205128
207179
210256
211282
213333
#4
3
3
2
1
1
3
2
1
4
4
3
3
2
2
4
3
2
4
4
3
2
2
1
1
3
2
1
4
4
3
3
2
2
4
3
2
4
4
3
2
2
1
1
3
2
1
4
4
3
3
2
2
4
3
2
4
4
3
2
2
13
23
24
23
13
23
24
23
13
23
24
23
13
23
24
23
1
1
3
2
1
4
4
3
3
2
2
4
3
12
4
23
13
3
12
4
23
13
23
12
4
23
13
3
12
4
23
13
1
1
3
2
1
4
4
3
3
2
2
4
3
2
4
1
1
3
2
1
4
4
3
3
2
2
4
3
2
4
4
3
2
2
1
1
3
2
1
4
4
3
3
2
2
4
3
2
4
4
3
2
2
2
1
3
1
2
1
3
1
2
1
3
1
2
1
3
1
2
1
3
1
2
1
3
1
2
1
3
1
2
1
3
1
2
1
3
1
2
1
3
1
2
1
3
1
2
1
3
1
13
4
23
24
3
13
4
23
24
4
3
3
1
13
23
24
23
13
23
24
23
2
1
3
1
2
1
3
1
2
1
3
1
2
1
3
1
2
1
3
1
2
1
3
1
2
1
3
1
2
1
3
1
2
1
3
1
2
1
3
1
2
1
3
1
2
1
3
1
2
1
3
1
2
1
3
1
2
1
3
1
2
1
3
1
13
23
24
23
13
23
24
23
13
23
24
23
#128
128
128
128
128
128
128
128
128
128
128
128
128
128
128
128
128
128
128
128
128
128
128
128
128
128
128
128
128
128
128
128
128
128
128
128
128
128
128
128
128
128
128
128
128
128
128
128
128
128
128
128
128
128
128
128
128
128
128
128
128
3076
1025
3076
1025
3076
1025
3076
1025
3076
1025
3076
1025
3076
1025
3076
1025
128
128
128
128
128
128
128
128
128
128
128
128
128
1794
1025
1282
2820
1282
1794
1282
1025
3076
1025
1794
1282
1025
1538
1282
1538
1282
1025
1538
128
128
128
128
128
128
128
128
128
128
128
128
128
128
128
128
128
128
128
128
128
128
128
128
128
128
128
128
128
128
128
128
128
128
128
128
128
128
128
128
128
128
128
128
128
128
128
128
128
128
128
128
128
128
128
128
128
128
128
128
128
128
128
128
128
128
128
128
128
128
128
128
128
128
128
128
128
128
128
128
128
128
128
128
128
128
128
128
128
128
128
128
128
128
128
128
128
128
128
128
128
1794
1282
1282
3076
1282
1794
1282
1025
3076
128
128
128
128
3076
1025
2051
2051
3076
1025
2051
2051
128
128
128
128
128
128
128
128
128
128
128
128
128
128
128
128
128
128
128
128
128
128
128
128
128
128
128
128
128
128
128
128
128
128
128
128
128
128
128
128
128
128
128
128
128
128
128
128
128
128
128
128
128
128
128
128
128
128
128
128
128
128
128
128
3076
1025
2051
2051
3076
1025
2051
2051
3076
1025
2051
2051
