2400
2700
3300
3900
4200
4500
4800
5100
5700
6300
6600
6900
7200
7500
8100
8250
8550
8700
9000
9300
9600
9900
10500
10650
10800
11400
11700
12000
12300
12900
13500
13800
14100
14400
14700
15300
15900
16200
16500
16800
17100
17700
17850
18150
18300
18600
18900
19200
19500
20100
20250
20400
21000
21300
21750
22050
22950
23250
24000
24150
24300
24450
24600
24750
24900
25050
25350
25500
25650
25800
25950
26100
26250
26550
26850
27750
28050
28800
28950
29100
29250
29400
29550
29700
29850
30150
30300
30450
30600
30750
30900
31050
31350
31650
32549
32850
33600
33750
33900
34050
34200
34350
34500
34650
34950
35100
35250
35400
35550
35700
35850
36150
36450
37350
37650
38400
39000
39600
40200
40950
41250
42150
42450
43200
43350
43500
43650
43800
43950
44100
44250
44550
44700
44850
45000
45150
45300
45450
45750
46050
46950
47250
48000
48150
48300
48450
48600
48750
48900
49050
49350
49500
49650
49800
49950
50100
50250
50400
50700
51000
51300
51600
51900
52200
52500
52800
53100
53400
53700
54000
54300
54600
54900
55350
55650
56550
56850
57750
58050
58950
59250
60000
60300
60450
60900
61200
61500
61650
61950
62400
62700
62850
63300
63600
63900
64050
64349
64800
65099
65250
65700
66000
66300
66450
66750
67200
67500
67650
68100
68400
68700
68850
69150
69600
69900
70050
70500
70800
71100
71250
71550
72000
72300
72450
72900
73200
73500
73650
73950
74400
74700
74850
75300
75600
75900
76050
76350
76800
77100
77250
77700
78000
78300
78600
78900
79200
79500
79650
80100
80400
80700
80850
81150
81600
81900
82050
82500
82800
83100
83250
83550
84000
84300
84450
84900
85200
85500
85650
85950
86400
86700
86850
87300
87600
87900
88200
88500
88800
89100
89250
89700
90000
90300
90450
90750
91200
91500
91650
92100
92400
92700
92850
93150
93600
93900
94050
94500
94800
95100
95250
95550
96000
96300
96450
96900
97200
97500
97800
98100
98400
98700
99300
99900
100200
100500
100800
101100
101700
102300
102600
102900
103200
103500
104100
104250
104550
104700
105000
105300
105600
105900
106500
106650
106800
107400
107700
108150
108450
109350
109650
110400
110550
110700
110850
111000
111150
111300
111450
111750
111900
112050
112200
112350
112500
112650
112950
113250
114150
114450
115200
115350
115500
115650
115800
115950
116100
116250
116550
116700
116850
117000
117150
117300
117450
117600
117900
118200
118500
118800
119100
119400
119700
120000
120300
120600
120900
121200
121500
121800
122100
122550
122850
123750
124050
124950
125250
126150
126450
127200
127500
127650
128100
128400
128699
128850
129150
129600
129900
130050
130500
130800
131100
131250
131550
132000
132300
132450
132900
133200
133500
133650
133950
134400
134700
134850
135300
135600
135900
136050
136350
136800
137100
137250
137550
138000
138300
138450
138600
139200
139500
139650
140400
140700
140850
141150
141600
141900
142050
142500
142800
143100
143250
143550
144000
144300
144450
144900
145200
145500
145800
146100
146400
146700
146850
147300
147600
147900
148050
148350
148800
149100
149250
149700
150000
150300
150450
150750
151200
151500
151650
152100
152400
152700
152850
153150
153600
153900
154050
154500
154800
155100
155400
155700
156000
156300
156450
156900
157200
157500
157650
157950
158400
158700
158850
159300
159600
159900
160050
160350
160800
161100
161250
161700
162000
162300
162450
162750
163200
163500
163650
164100
164400
164700
165000
165300
165600
166050
166350
166650
166950
167250
167550
167700
168000
168450
168750
169050
169350
169650
169950
170100
170400
170850
171150
171450
171750
172050
172350
172500
172800
173400
174000
174600
175200
176100
176700
177300
177900
178500
178800
179400
180000
180900
181500
182100
182700
183000
183300
183600
184200
184350
184500
184650
184800
185250
185550
185850
186150
186450
186750
186900
187200
187650
187950
188250
188550
188850
189150
189300
189600
190050
190350
190650
190950
191250
191550
191700
192000
193200
194400
194700
194850
195300
195600
195900
196050
196350
196800
197100
197250
197700
198000
198300
198450
198750
199200
199500
199650
200100
200400
200700
200850
201150
201600
201900
202050
202500
202800
203100
203250
203550
204000
204300
204450
204750
205200
205500
205650
205800
206400
206700
206850
207600
207900
208050
208350
208800
209100
209250
209700
210000
210300
210450
210750
211200
211500
211650
212100
212400
212700
213000
213300
213600
213900
214050
214500
214800
215100
215250
215550
216000
216300
216450
216900
217200
217500
217650
217950
218400
218700
218850
219300
219600
219900
220050
220350
220800
221100
221250
221700
222000
222300
222600
222900
223200
223500
223650
224100
224400
224700
224850
225150
225600
225900
226050
226500
226800
227100
227250
227550
228000
228300
228450
228900
229200
229500
229650
229950
230400
230700
230850
231300
231600
231900
232200
232500
232800
233100
233700
234300
234600
234900
#23
23
4
3
2
3
23
23
4
3
2
3
24
24
4
4
3
3
2
1
24
24
3
4
3
2
3
23
23
34
3
2
3
23
23
4
3
2
3
24
24
4
4
3
3
2
1
24
24
3
4
3
2
3
23
23
23
23
1
1
2
3
4
3
2
1
1
2
3
4
3
2
1
12
12
12
12
4
1
2
3
4
3
2
1
1
2
3
4
3
2
1
24
24
24
24
1
1
2
3
4
3
2
1
1
2
3
4
3
2
1
13
13
13
13
4
3
2
1
23
23
23
23
4
1
2
3
4
3
2
1
1
2
3
4
3
2
1
12
12
12
12
4
1
2
3
4
3
2
1
1
2
3
4
3
2
1
24
24
24
24
34
34
34
34
23
23
23
23
13
13
13
13
13
13
13
13
13
13
13
13
23
4
23
4
23
4
23
4
24
4
24
4
24
4
24
4
23
4
23
4
23
4
23
4
13
4
13
4
13
4
13
4
23
4
23
4
23
4
23
4
24
4
24
4
24
4
24
4
23
4
23
4
23
4
23
4
13
4
13
4
13
13
13
13
23
4
23
4
23
4
23
4
24
4
24
4
24
4
24
4
23
4
23
4
23
4
23
4
13
4
13
4
13
13
13
13
23
4
23
4
23
4
23
4
24
4
24
4
24
4
24
4
23
4
23
4
23
4
23
4
13
4
13
4
13
13
13
13
23
23
34
3
2
3
23
23
4
3
2
3
24
24
4
4
3
3
2
1
24
24
3
4
3
2
3
23
23
23
23
4
1
2
3
4
3
2
1
1
2
3
4
3
2
1
12
12
12
12
4
1
2
3
4
3
2
1
1
2
3
4
3
2
1
24
24
24
24
34
34
34
34
23
23
23
23
13
13
13
13
13
13
13
13
13
13
13
13
23
4
23
4
23
4
23
4
24
4
24
4
24
4
24
4
23
4
23
4
23
4
23
4
13
4
13
4
13
4
13
4
23
3
4
3
23
3
4
3
24
4
3
24
4
3
4
23
4
23
4
23
4
23
4
13
4
13
4
13
13
13
13
23
4
23
4
23
4
23
4
24
4
24
4
24
4
24
4
23
4
23
4
23
4
23
4
13
4
13
4
13
13
13
13
23
4
23
4
23
4
23
4
24
4
24
4
24
4
24
4
23
4
23
4
23
4
23
4
13
4
13
4
13
13
13
13
1
2
3
1
2
4
3
2
2
3
4
2
3
4
3
2
1
2
3
1
2
4
3
2
1
3
4
2
4
3
2
1
2
3
4
3
1
2
3
1
2
2
3
4
3
3
2
1
1
2
3
1
2
4
3
2
2
3
4
2
3
4
3
2
1
2
3
1
2
4
3
2
2
1
23
4
23
4
23
4
23
4
24
4
24
4
24
4
24
4
23
4
23
4
23
4
23
4
13
4
13
4
13
4
13
4
23
3
4
3
23
3
4
3
24
4
3
24
4
3
4
23
4
23
4
23
4
23
4
13
4
13
4
13
13
13
13
23
4
23
4
23
4
23
4
24
4
24
4
24
4
24
4
23
4
23
4
23
4
23
4
13
4
13
4
13
13
13
13
23
4
23
4
23
4
23
4
24
4
24
4
24
4
24
4
23
4
23
4
23
4
23
4
13
4
13
4
13
13
13
13
23
23
34
3
2
23
#150
149
599
300
150
150
150
149
599
300
149
149
150
150
150
150
150
149
300
150
150
150
150
150
599
150
149
150
150
599
300
150
150
150
149
599
299
150
149
149
149
150
149
149
149
300
149
150
150
149
150
599
150
149
150
449
150
449
150
149
149
150
149
150
149
149
149
150
149
149
150
149
150
149
449
150
449
149
150
149
150
149
149
150
149
149
149
150
149
150
149
149
149
449
150
449
149
149
149
150
149
149
149
150
149
149
149
150
149
149
149
150
449
149
450
600
600
600
600
149
450
150
449
149
149
149
150
149
149
149
149
149
149
149
149
150
149
149
149
449
149
450
149
150
149
149
149
149
150
149
149
149
150
149
149
149
149
300
299
300
299
299
300
299
300
299
299
300
299
300
299
299
300
149
450
149
450
149
449
149
450
149
149
149
150
149
149
150
149
150
149
149
149
149
149
150
150
150
150
150
149
150
150
149
150
149
150
149
150
149
150
149
149
149
149
150
150
150
149
150
150
150
150
150
149
150
150
149
150
149
150
149
150
149
149
150
149
150
149
150
150
299
300
299
299
299
150
450
149
299
150
299
149
299
149
450
150
300
149
299
150
299
150
450
149
299
150
299
150
299
150
449
150
299
299
299
299
300
149
450
150
299
150
299
150
299
150
450
149
299
150
299
149
299
149
450
150
300
149
299
150
299
150
450
149
299
299
300
299
149
150
600
299
150
150
150
149
599
300
149
149
150
150
149
150
150
150
299
150
149
149
150
149
600
149
150
149
450
149
450
149
150
150
149
150
149
150
150
150
149
150
150
149
150
149
150
450
149
450
150
149
150
149
150
150
149
150
150
150
149
150
149
150
150
299
299
299
299
300
299
299
299
299
300
299
299
299
299
300
299
150
449
150
450
150
450
149
450
150
150
149
150
150
150
150
150
150
150
149
150
149
150
150
149
150
149
150
150
150
150
150
150
150
150
150
149
150
150
149
150
150
150
300
299
150
150
149
300
149
150
300
150
149
300
150
150
150
150
150
150
150
150
150
150
150
149
150
299
300
299
300
300
149
450
150
300
150
299
150
299
150
450
149
300
150
299
150
299
150
449
150
300
149
300
150
300
150
449
150
299
300
300
299
300
150
449
150
299
150
300
149
300
149
450
150
300
150
299
150
299
150
450
149
300
150
299
150
299
150
449
150
300
299
300
299
450
299
150
300
299
300
150
299
450
299
300
299
300
300
149
300
449
300
150
299
300
299
150
300
599
599
599
600
899
600
599
599
599
300
599
599
900
599
599
600
299
300
299
600
149
150
150
150
449
300
150
300
300
299
150
300
449
300
299
300
299
300
150
299
450
299
150
300
299
300
150
299
1200
1199
150
149
150
150
150
150
150
150
150
150
150
149
150
150
149
150
149
150
150
150
150
149
150
150
150
150
150
150
150
150
150
150
150
150
299
300
149
150
150
299
150
149
300
150
150
299
150
150
150
150
149
150
150
149
150
149
150
150
150
300
299
300
299
300
150
449
150
299
150
300
150
300
150
449
150
299
150
300
149
300
149
450
150
300
150
299
150
299
150
450
149
300
299
300
300
299
150
449
150
300
149
300
150
300
150
449
150
299
150
300
150
300
150
449
150
299
150
300
149
300
149
450
150
300
300
299
300
150
150
599
299
150
150
