606
906
1506
2106
2406
2706
3006
3306
3906
4506
4806
5106
5406
5706
6306
6456
6756
6906
7206
7506
7806
8106
8706
9306
9606
9906
10206
10506
11106
11706
12006
12306
12606
12906
13506
14106
14406
14706
15006
15306
15906
16056
16356
16506
16806
17106
17406
17706
18306
18906
19206
19356
19506
19656
19806
20106
20406
20706
21006
21306
21606
21906
22206
22506
22806
23106
23406
23706
24006
24306
24606
24906
25206
25506
25806
26106
26406
26706
27006
27306
27606
27906
28206
28506
28806
29106
29406
29706
30006
30306
30606
30906
31206
31506
31806
32106
32406
32706
33006
33306
33606
33906
34206
34506
34806
35106
35406
35706
36006
36306
36606
36906
37206
37506
37806
38106
38406
38706
39006
39306
39606
39906
40206
40506
40806
41106
41406
41706
42006
42306
42606
42906
43206
43506
43806
44106
44406
44706
45006
45306
45606
45906
46206
46506
46806
47106
47406
47706
48006
48306
48606
48906
49206
49506
49806
50106
50406
50706
51006
51306
51606
51906
52206
52506
52806
53106
53406
53706
54006
54306
54606
54906
55206
55506
55806
56106
56406
56706
57006
57306
57606
57756
57906
58056
58206
58506
58806
59106
59406
59706
60006
60306
60606
60906
61206
61506
61806
62106
62406
62706
63006
63306
63606
63906
64206
64506
64806
65106
65406
65706
66006
66306
66606
66906
67206
67506
67806
68106
68406
68706
69006
69306
69606
69906
70206
70506
70806
71106
71406
71706
72006
72306
72606
72906
73206
73506
73806
74106
74406
74706
75006
75306
75606
75906
76206
76356
76506
76656
76806
76956
77106
77256
77406
77706
78006
78306
78606
78906
79206
79506
79806
80106
80406
80706
81006
81306
81606
81906
82206
82506
82806
83106
83406
83706
84006
84306
84606
84906
85206
85506
85806
86106
86406
86706
87006
87306
87606
87906
88206
88506
88806
89106
89406
89706
90006
90306
90606
90906
91206
91506
91806
92106
92406
92706
93006
93306
93606
93906
94206
94506
94806
95106
95406
95706
96006
96156
96306
96456
96606
96906
97506
98106
98406
98706
99006
99306
99906
100506
100806
101106
101406
101706
102306
102456
102756
102906
103206
103506
103806
104106
104706
105006
105306
105606
105756
105906
106056
106206
106506
106806
107106
107406
107706
108006
108306
108606
108906
109206
109506
109806
110106
110406
110706
111006
111306
111606
111906
112206
112506
112806
113106
113406
113706
114006
114306
114606
114906
115206
115506
115806
116106
116406
116706
117006
117306
117606
117906
118206
118506
118806
119106
119406
119706
120006
120306
120606
120906
121206
121506
121806
122106
122406
122706
123006
123306
123606
123906
124206
124506
124806
124956
125106
125256
125406
125706
126006
126306
126606
126906
127206
127506
127806
128106
128406
128706
129006
129306
129606
129906
130206
130506
130806
131106
131406
131706
132006
132306
132606
132906
133206
133506
133806
134106
134406
134706
135006
135306
135606
135906
136206
136506
136806
137106
137406
137706
138006
138306
138606
138906
139206
139506
139806
140106
140406
140706
141006
141306
141606
141906
142206
142506
142806
143106
143406
143556
143706
143856
144006
144156
144306
144456
144606
144906
145206
145506
145806
146106
146406
146706
147006
147306
147606
147906
148206
148506
148806
149106
149406
149706
150006
150306
150606
150906
151206
151506
151806
152106
152406
152706
153006
153306
153606
153906
154206
154506
154806
155106
155406
155706
156006
156306
156606
156906
157206
157506
157806
158106
158406
158706
159006
159306
159606
159906
160206
160506
160806
161106
161406
161706
162006
162306
162606
162906
163206
163506
163806
164106
164556
164706
165006
165306
165756
165906
166206
166506
166656
166956
167106
167406
167706
168156
168306
168606
168906
169356
169506
169806
170106
170556
170706
171006
171306
171456
171756
171906
172206
172506
172956
173106
173406
173706
174006
174306
174606
174906
175206
175506
175806
176106
176406
176706
177006
177306
177606
177906
178206
178506
178806
179106
179406
179706
180006
180306
180606
180906
181206
181506
181806
182106
182406
182556
182706
182856
183006
183306
183756
183906
184206
184506
184956
185106
185406
185706
185856
186156
186306
186606
186906
187356
187506
187806
188106
188556
188706
189006
189306
189756
189906
190206
190506
190656
190956
191106
191406
191706
192156
192306
192606
192906
193206
193506
193806
194106
194406
194706
195006
195306
195606
195906
196206
196506
196806
197106
197406
197706
198006
198306
198606
198906
199206
199506
199806
200106
200406
200706
201006
201306
201606
201906
202206
202506
202806
203106
203406
203706
204006
204306
204606
204906
205206
205506
205806
206106
206406
206706
207006
207306
207606
207906
208206
208506
208806
209106
209406
209706
210006
210306
210606
210906
211206
211506
211806
212106
212406
212706
213006
213306
213606
213906
214206
214506
214806
215106
215406
215706
216006
216306
216606
216906
217206
217506
217806
218106
218406
218706
219006
219306
219606
219906
220206
220506
220806
220956
221106
221256
221406
221706
222006
222306
222606
222906
223206
223506
223806
224106
224406
224706
225006
225306
225606
225906
226206
226506
226806
227106
227406
227706
228006
228306
228606
228906
229206
229506
229806
230106
230406
230556
230706
230856
231006
231306
231906
232506
232806
233106
#1
3
3
3
1
3
1
3
3
3
1
3
1
3
3
1
1
3
1
3
1
3
3
3
1
3
1
3
3
3
1
3
1
3
3
3
1
3
1
3
3
1
1
3
1
3
1
3
3
3
3
3
3
3
14
3
1
3
1
3
1
3
1
3
1
3
1
3
1
3
1
3
1
3
1
3
1
3
1
3
1
3
1
3
1
3
1
3
1
3
1
3
1
3
1
3
1
3
1
3
1
3
1
3
1
3
1
3
1
3
1
34
1
3
1
3
1
3
1
3
1
3
1
3
1
3
1
3
1
3
1
3
1
3
1
3
1
3
1
3
1
3
1
3
1
3
1
3
1
3
1
3
1
3
1
3
1
3
14
3
14
3
14
3
14
3
14
34
14
34
14
34
14
34
14
34
14
34
14
34
3
3
3
3
14
3
1
3
1
3
1
3
1
3
1
3
1
3
1
3
1
3
1
3
1
3
1
3
1
3
1
3
1
3
1
3
14
3
1
3
1
3
1
3
1
3
1
3
1
3
1
3
1
3
1
3
1
3
1
3
1
3
1
3
3
3
3
3
3
3
3
3
14
3
1
3
1
3
1
3
14
3
1
3
1
3
1
3
14
3
1
3
1
3
1
3
14
3
1
3
1
3
1
3
14
3
1
3
1
3
1
3
14
3
1
3
1
3
1
3
14
3
1
3
1
3
1
3
14
3
1
3
1
3
3
3
3
3
1
3
3
3
1
3
1
3
3
3
1
3
1
3
3
1
1
3
1
3
1
3
3
1
3
3
3
3
3
14
3
1
3
1
3
1
3
1
3
1
3
1
3
1
3
1
3
1
3
1
3
1
3
1
3
1
3
1
3
1
3
1
3
1
3
1
3
1
3
14
3
14
3
14
3
14
3
14
34
14
34
14
34
14
34
14
34
14
34
14
34
3
3
3
3
14
3
1
3
1
3
1
3
1
3
1
3
1
3
1
3
1
3
1
3
1
3
1
3
1
3
1
3
1
3
1
3
14
3
1
3
1
3
1
3
1
3
1
3
1
3
1
3
1
3
1
3
1
3
1
3
1
3
1
3
3
3
3
3
3
3
3
3
14
3
1
3
1
3
1
3
1
3
1
3
1
3
1
3
1
3
1
3
1
3
1
3
1
3
1
3
1
3
1
3
14
3
1
3
1
3
1
3
1
3
1
3
1
3
1
3
1
3
1
3
1
3
1
3
1
3
1
3
1
3
1
3
1
3
1
3
1
3
1
3
1
3
1
1
3
1
3
1
3
1
3
1
3
1
3
1
3
1
3
1
1
3
1
3
1
3
1
2
3
2
1
1
3
2
1
2
3
2
1
1
3
2
1
2
3
2
1
1
3
2
1
2
3
2
1
1
3
3
3
3
1
3
1
3
1
3
1
3
1
3
1
1
3
1
3
1
3
1
3
1
3
1
3
1
3
1
3
1
1
3
1
3
1
3
14
3
1
3
1
3
1
3
1
3
1
3
1
3
1
3
1
3
1
3
1
3
1
3
1
3
1
3
1
3
1
3
14
3
1
3
1
3
1
3
1
3
1
3
1
3
1
3
1
3
1
3
1
3
1
3
1
3
1
3
1
3
1
3
14
3
1
3
1
3
1
3
1
3
1
3
1
3
1
3
1
3
1
3
1
3
1
3
1
3
1
3
1
3
3
3
3
3
14
3
1
3
1
3
1
3
1
3
1
3
1
3
1
3
1
3
1
3
1
3
1
3
1
3
1
3
1
3
3
3
3
3
1
3
3
3
1
3
#149
149
149
149
149
149
149
150
150
149
149
150
150
150
149
150
149
150
150
149
149
150
150
150
149
150
150
150
149
150
150
150
149
150
150
149
150
150
150
150
149
150
150
149
150
150
150
149
149
150
149
150
149
150
149
150
150
149
149
149
150
150
149
149
149
150
150
149
149
149
150
150
149
149
149
150
150
149
149
149
150
150
149
149
149
150
150
149
149
149
150
150
149
149
149
149
149
150
149
149
149
149
149
149
150
149
149
149
149
150
149
149
149
149
150
149
149
149
149
150
149
149
149
149
150
149
149
149
149
150
149
149
149
149
150
149
149
149
149
150
149
149
149
149
150
149
149
149
149
150
149
149
149
149
150
149
149
149
149
150
149
149
149
149
150
149
149
149
149
150
149
149
149
149
150
149
149
149
149
150
149
149
149
150
149
149
150
149
149
149
149
150
149
149
149
149
150
149
149
149
149
150
149
150
150
150
149
149
150
150
150
149
149
150
150
150
149
149
150
150
149
149
150
150
150
149
149
150
150
150
149
149
150
150
150
149
149
150
150
150
149
149
150
150
150
150
149
150
149
150
150
149
150
150
149
149
150
150
150
149
149
150
150
150
149
149
150
150
150
149
149
150
150
150
149
149
150
150
150
149
149
150
150
150
149
149
150
150
150
149
149
150
150
150
149
149
150
150
150
149
149
150
150
150
149
149
150
150
150
149
149
150
150
150
149
150
149
150
150
150
149
150
150
150
149
149
150
149
149
150
150
150
149
150
149
150
150
149
149
150
150
149
149
150
149
150
149
150
149
149
150
150
150
149
149
150
150
150
149
149
150
150
150
149
149
150
150
150
149
149
150
150
150
149
149
150
150
150
149
149
150
150
150
149
149
150
150
150
149
149
150
150
150
149
149
150
150
150
149
149
150
150
150
149
149
150
150
150
149
149
150
150
149
150
150
149
149
150
150
150
149
149
150
150
149
150
150
150
150
149
150
150
150
150
149
150
150
150
150
149
150
150
150
150
149
150
150
150
150
149
150
150
149
150
150
150
150
149
150
150
150
150
149
150
150
150
150
149
150
150
150
150
149
150
150
150
149
150
150
150
150
149
150
150
150
150
149
150
150
150
150
149
150
150
150
150
149
150
150
150
150
149
150
150
150
150
149
150
150
150
150
149
150
150
150
150
149
150
150
150
150
149
150
150
150
150
149
150
150
150
150
149
150
150
150
150
149
150
150
150
150
149
150
150
150
150
149
150
150
150
150
150
150
150
150
150
150
149
150
150
150
150
149
150
149
150
150
149
150
150
150
150
150
150
150
150
150
150
149
150
150
150
150
149
150
150
150
150
149
150
150
150
150
149
150
150
150
150
149
150
150
150
150
149
150
150
150
150
149
150
150
150
149
150
150
150
150
150
150
150
149
150
150
149
150
150
149
150
149
150
150
149
150
150
150
150
150
150
150
150
150
150
149
150
150
150
150
149
150
150
150
150
149
150
150
150
150
149
150
150
150
150
149
150
150
150
150
149
150
150
150
150
149
150
150
150
150
149
150
150
150
150
149
150
150
150
150
149
150
150
150
150
149
150
150
150
150
149
150
150
150
150
149
150
150
150
150
149
150
150
150
150
149
150
150
150
150
149
150
150
150
150
149
150
150
150
150
149
150
150
150
150
149
150
150
150
150
149
150
150
150
150
150
149
150
150
150
150
150
149
150
150
150
150
149
150
150
150
150
149
150
150
150
150
149
150
150
150
150
149
150
150
150
150
149
150
150
150
149
150
150
150
150
150
149
