2400
2700
3300
3900
4200
4500
4800
5100
5700
6300
6600
6900
7200
7500
8100
8250
8550
8700
9000
9300
9600
9900
10500
11100
11400
11700
12000
12300
12900
13500
13800
14100
14400
14700
15300
15900
16200
16500
16800
17100
17700
17850
18150
18300
18600
18900
19200
19500
20100
20700
21000
21150
21300
21450
21600
21900
22200
22500
22800
23100
23400
23700
24000
24300
24600
24900
25200
25500
25800
26100
26400
26700
27000
27300
27600
27900
28200
28500
28800
29100
29400
29700
30000
30300
30600
30900
31200
31500
31800
32100
32400
32700
33000
33300
33600
33900
34200
34500
34800
35100
35400
35700
36000
36300
36600
36900
37200
37500
37800
38100
38400
38700
39000
39300
39600
39900
40200
40500
40800
41100
41400
41700
42000
42300
42600
42900
43200
43500
43800
44100
44400
44700
45000
45300
45600
45900
46200
46500
46800
47100
47400
47700
48000
48300
48600
48900
49200
49500
49800
50100
50400
50700
51000
51300
51600
51900
52200
52500
52800
53100
53400
53700
54000
54300
54600
54900
55200
55500
55800
56100
56400
56700
57000
57300
57600
57900
58200
58500
58800
59100
59400
59550
59700
59850
60000
60300
60600
60900
61200
61500
61800
62100
62400
62700
63000
63300
63600
63900
64200
64500
64800
65099
65400
65700
66000
66300
66600
66900
67200
67500
67800
68100
68400
68700
69000
69300
69600
69900
70200
70500
70800
71100
71400
71700
72000
72300
72600
72900
73200
73500
73800
74100
74400
74700
75000
75300
75600
75900
76200
76500
76800
77100
77400
77700
78000
78150
78300
78450
78600
78750
78900
79050
79200
79500
79800
80100
80400
80700
81000
81300
81600
81900
82200
82500
82800
83100
83400
83700
84000
84300
84600
84900
85200
85500
85800
86100
86400
86700
87000
87300
87600
87900
88200
88500
88800
89100
89400
89700
90000
90300
90600
90900
91200
91500
91800
92100
92400
92700
93000
93300
93600
93900
94200
94500
94800
95100
95400
95700
96000
96300
96600
96900
97200
97500
97800
97950
98100
98250
98400
98700
99300
99900
100200
100500
100800
101100
101700
102300
102600
102900
103200
103500
104100
104250
104550
104700
105000
105300
105600
105900
106500
106800
107100
107400
107550
107700
107850
108000
108300
108600
108900
109200
109500
109800
110100
110400
110700
111000
111300
111600
111900
112200
112500
112800
113100
113400
113700
114000
114300
114600
114900
115200
115500
115800
116100
116400
116700
117000
117300
117600
117900
118200
118500
118800
119100
119400
119700
120000
120300
120600
120900
121200
121500
121800
122100
122400
122700
123000
123300
123600
123900
124200
124500
124800
125100
125400
125700
126000
126300
126600
126750
126900
127050
127200
127500
127800
128100
128400
128699
129000
129300
129600
129900
130199
130500
130800
131100
131400
131700
132000
132300
132600
132900
133200
133500
133800
134100
134400
134700
135000
135300
135600
135900
136200
136500
136800
137100
137400
137700
138000
138300
138600
138900
139200
139500
139800
140100
140400
140700
141000
141300
141600
141900
142200
142500
142800
143100
143400
143700
144000
144300
144600
144900
145200
145350
145500
145650
145800
145950
146100
146250
146400
146700
147000
147300
147600
147900
148200
148500
148800
149100
149400
149700
150000
150300
150600
150900
151200
151500
151800
152100
152400
152700
153000
153300
153600
153900
154200
154500
154800
155100
155400
155700
156000
156300
156600
156900
157200
157500
157800
158100
158400
158700
159000
159300
159600
159900
160200
160500
160800
161100
161400
161700
162000
162300
162600
162900
163200
163500
163800
164100
164400
164700
165000
165300
165600
165900
166350
166500
166800
167100
167550
167700
168000
168300
168450
168750
168900
169200
169500
169950
170100
170400
170700
171150
171300
171600
171900
172350
172500
172800
173100
173250
173550
173700
174000
174300
174750
174900
175200
175500
175800
176100
176400
176700
177000
177300
177600
177900
178200
178500
178800
179100
179400
179700
180000
180300
180600
180900
181200
181500
181800
182100
182400
182700
183000
183300
183600
183900
184200
184350
184500
184650
184800
185100
185550
185700
186000
186300
186750
186900
187200
187500
187650
187950
188100
188400
188700
189150
189300
189600
189900
190350
190500
190800
191100
191550
191700
192000
192300
192450
192750
192900
193200
193500
193950
194100
194400
194700
195000
195300
195600
195900
196200
196500
196800
197100
197400
197700
198000
198300
198600
198900
199200
199500
199800
200100
200400
200700
201000
201300
201600
201900
202200
202500
202800
203100
203400
203700
204000
204300
204600
204900
205200
205500
205800
206100
206400
206700
207000
207300
207600
207900
208200
208500
208800
209100
209400
209700
210000
210300
210600
210900
211200
211500
211800
212100
212400
212700
213000
213300
213600
213900
214200
214500
214800
215100
215400
215700
216000
216300
216600
216900
217200
217500
217800
218100
218400
218700
219000
219300
219600
219900
220200
220500
220800
221100
221400
221700
222000
222300
222600
222750
222900
223050
223200
223500
223800
224100
224400
224700
225000
225300
225600
225900
226200
226500
226800
227100
227400
227700
228000
228300
228600
228900
229200
229500
229800
230100
230400
230700
231000
231300
231600
231900
232200
232350
232500
232650
232800
233100
233700
234300
234600
234900
#1
3
3
3
1
3
1
3
3
3
1
3
1
3
3
1
1
3
1
3
1
3
3
3
1
3
1
3
3
3
1
3
1
3
3
3
1
3
1
3
3
1
1
3
1
3
1
3
3
3
3
3
3
3
14
3
1
3
1
3
1
3
1
3
1
3
1
3
1
3
1
3
1
3
1
3
1
3
1
3
1
3
1
3
1
3
1
3
1
3
1
3
1
3
1
3
1
3
1
3
1
3
1
3
1
3
1
3
1
3
1
34
1
3
1
3
1
3
1
3
1
3
1
3
1
3
1
3
1
3
1
3
1
3
1
3
1
3
1
3
1
3
1
3
1
3
1
3
1
3
1
3
1
3
1
3
1
3
14
3
14
3
14
3
14
3
14
34
14
34
14
34
14
34
14
34
14
34
14
34
3
3
3
3
14
3
1
3
1
3
1
3
1
3
1
3
1
3
1
3
1
3
1
3
1
3
1
3
1
3
1
3
1
3
1
3
14
3
1
3
1
3
1
3
1
3
1
3
1
3
1
3
1
3
1
3
1
3
1
3
1
3
1
3
3
3
3
3
3
3
3
3
14
3
1
3
1
3
1
3
14
3
1
3
1
3
1
3
14
3
1
3
1
3
1
3
14
3
1
3
1
3
1
3
14
3
1
3
1
3
1
3
14
3
1
3
1
3
1
3
14
3
1
3
1
3
1
3
14
3
1
3
1
3
3
3
3
3
1
3
3
3
1
3
1
3
3
3
1
3
1
3
3
1
1
3
1
3
1
3
3
1
3
3
3
3
3
14
3
1
3
1
3
1
3
1
3
1
3
1
3
1
3
1
3
1
3
1
3
1
3
1
3
1
3
1
3
1
3
1
3
1
3
1
3
1
3
14
3
14
3
14
3
14
3
14
34
14
34
14
34
14
34
14
34
14
34
14
34
3
3
3
3
14
3
1
3
1
3
1
3
1
3
1
3
1
3
1
3
1
3
1
3
1
3
1
3
1
3
1
3
1
3
1
3
14
3
1
3
1
3
1
3
1
3
1
3
1
3
1
3
1
3
1
3
1
3
1
3
1
3
1
3
3
3
3
3
3
3
3
3
14
3
1
3
1
3
1
3
1
3
1
3
1
3
1
3
1
3
1
3
1
3
1
3
1
3
1
3
1
3
1
3
14
3
1
3
1
3
1
3
1
3
1
3
1
3
1
3
1
3
1
3
1
3
1
3
1
3
1
3
1
3
1
3
1
3
1
3
1
3
1
3
1
3
1
1
3
1
3
1
3
1
3
1
3
1
3
1
3
1
3
1
1
3
1
3
1
3
1
2
3
2
1
1
3
2
1
2
3
2
1
1
3
2
1
2
3
2
1
1
3
2
1
2
3
2
1
1
3
3
3
3
1
3
1
3
1
3
1
3
1
3
1
1
3
1
3
1
3
1
3
1
3
1
3
1
3
1
3
1
1
3
1
3
1
3
14
3
1
3
1
3
1
3
1
3
1
3
1
3
1
3
1
3
1
3
1
3
1
3
1
3
1
3
1
3
1
3
14
3
1
3
1
3
1
3
1
3
1
3
1
3
1
3
1
3
1
3
1
3
1
3
1
3
1
3
1
3
1
3
14
3
1
3
1
3
1
3
1
3
1
3
1
3
1
3
1
3
1
3
1
3
1
3
1
3
1
3
1
3
3
3
3
3
14
3
1
3
1
3
1
3
1
3
1
3
1
3
1
3
1
3
1
3
1
3
1
3
1
3
1
3
1
3
3
3
3
3
1
3
3
3
1
3
#150
149
149
149
150
150
150
149
150
150
149
149
150
150
150
150
150
149
150
150
150
150
150
150
150
149
150
150
150
150
150
150
150
149
150
150
150
149
149
149
150
149
149
149
149
149
150
150
149
150
150
149
149
150
149
149
150
150
149
149
149
150
150
149
149
149
150
150
149
149
149
150
150
149
149
149
150
150
149
149
149
150
150
149
149
149
150
150
149
149
149
149
149
150
149
149
149
149
149
149
150
149
149
149
149
150
149
149
149
149
150
149
149
149
149
150
149
149
149
149
150
149
149
149
149
150
149
149
149
149
150
149
149
149
149
150
149
149
149
149
150
149
149
149
149
150
149
149
149
149
150
149
149
149
149
150
149
149
149
149
150
149
149
149
149
150
149
149
149
149
150
149
149
149
149
150
149
149
149
149
150
149
149
149
149
149
149
150
149
149
149
149
150
149
149
149
149
149
149
150
150
150
149
149
150
150
150
149
149
150
150
150
149
150
150
150
149
149
150
150
150
149
149
150
150
150
149
149
150
150
150
149
149
150
150
150
149
149
150
150
150
149
149
150
150
149
150
150
149
150
149
150
150
150
150
149
149
150
150
150
149
149
150
150
150
149
149
150
150
150
149
149
150
150
150
149
149
150
150
150
149
149
150
150
150
149
149
150
150
150
149
149
150
150
150
149
149
150
150
150
149
149
150
150
150
149
149
150
150
150
149
149
150
150
150
150
149
150
149
150
150
149
150
150
150
149
150
150
149
149
150
150
149
150
150
150
150
150
149
149
150
150
149
149
150
150
149
150
150
149
149
150
150
150
149
149
150
150
150
149
149
150
150
150
149
149
150
150
150
149
149
150
150
150
149
149
150
150
150
149
149
150
150
150
149
149
150
150
150
149
149
150
150
150
149
149
150
150
150
149
149
150
150
150
149
149
150
150
150
149
150
149
150
150
150
150
150
150
150
150
149
150
150
150
150
149
150
150
150
150
149
150
150
150
150
149
150
150
150
150
149
150
150
150
150
150
150
150
149
150
150
150
150
149
150
150
150
150
149
150
150
150
150
149
150
150
150
150
149
150
150
150
150
149
150
150
150
150
149
150
150
150
149
150
150
150
150
149
150
150
150
150
149
150
150
150
150
149
150
150
150
150
149
150
150
150
150
149
150
150
150
150
149
150
150
150
150
149
150
150
150
150
149
150
150
150
150
149
150
150
150
150
149
150
150
150
150
149
150
150
150
150
149
150
150
150
150
150
150
150
150
150
149
150
150
149
150
150
149
150
149
150
150
149
150
150
150
150
150
150
150
150
150
150
149
150
150
150
150
149
150
150
150
150
149
150
150
150
150
149
150
150
150
150
149
150
150
150
150
149
150
150
150
150
149
150
150
150
150
149
150
150
150
150
150
150
149
150
150
150
150
149
150
150
149
150
150
149
150
150
150
150
150
150
150
150
150
149
150
150
149
150
150
149
150
149
150
150
149
150
150
150
150
149
150
150
150
150
149
150
150
150
150
149
150
150
150
150
149
150
150
150
150
149
150
150
150
150
149
150
150
150
150
149
150
150
150
150
149
150
150
150
150
149
150
150
150
150
149
150
150
150
150
149
150
150
150
150
149
150
150
150
150
149
150
150
150
150
149
150
150
150
150
149
150
150
150
150
149
150
150
150
150
149
150
150
150
150
149
150
150
150
150
150
150
149
150
150
150
150
149
150
150
150
150
149
150
150
150
150
149
150
150
150
150
149
150
150
150
150
149
150
150
150
150
149
150
150
150
150
150
149
150
150
150
