0
323
647
755
863
1187
1510
1726
2050
2374
2482
2589
2913
3237
3453
3776
4100
4208
4316
4640
4964
5179
5503
5827
5935
6043
6366
6690
6906
7230
7553
7661
7769
8093
8417
8633
8956
9280
9388
9496
9820
10143
10359
10683
11007
11115
11223
11546
11870
12086
12410
12733
12841
12949
13273
14028
14244
14460
14676
14892
15215
15755
15971
16187
16402
16726
17050
17482
17697
17913
18129
18345
18776
18992
19316
19640
19856
20287
20503
20935
21151
21366
21582
21798
22122
22661
22877
23093
23309
23633
23956
24388
24604
24820
25035
25251
25683
25899
26223
26546
26762
27194
27625
31079
34532
37985
41438
41870
42086
42302
42733
42949
43381
43812
44028
44892
45323
45539
45755
46187
46402
46834
47266
47482
48345
48777
48992
49208
49640
49856
50287
50719
50935
51151
51366
51798
52230
52661
53093
53309
53741
54172
54388
54820
55036
55467
55683
55899
56115
56330
56654
57194
57410
57625
57841
58165
58489
58920
59136
59352
59568
59784
60215
60431
60755
61079
61295
61726
61942
62374
62589
62805
63021
63237
63561
64100
64316
64532
64748
65071
65395
65827
66043
66259
66474
66690
67122
67338
67661
67985
68201
68633
68848
69280
69496
69712
69928
70143
70467
71007
71223
71438
71654
71978
72302
72733
72949
73165
73381
73597
74028
74244
74568
74892
75107
75539
75755
76187
76402
76618
76834
77050
77374
77913
78129
78345
78561
78884
79208
79640
79856
80072
80287
80503
80935
81151
81474
81798
82014
82446
82877
86331
89784
93237
96690
97122
97338
97554
97985
98201
98633
99064
99280
99496
100143
100575
100791
101007
101438
101654
102086
102518
102733
103597
104028
104244
104460
104892
105107
105539
105971
106187
106402
106618
107050
107482
107913
108345
108561
108992
109424
109640
110072
110287
110719
110935
111151
111366
111582
111906
112446
112661
112877
113093
113417
113741
114172
114388
114604
114820
115036
115467
115683
116007
116331
116546
116978
117194
117625
117841
118057
118273
118489
118813
119352
119568
119784
120000
120323
120647
121079
121295
121510
121726
121942
122374
122590
122913
123237
123453
123884
124100
124532
124748
124964
125179
125395
125719
126259
126474
126690
126906
127230
127554
127985
128201
128417
128633
128849
129280
129496
129820
130143
130359
130791
131007
131438
131654
131870
132086
132302
132625
133165
133381
133597
133813
134136
134460
134892
135108
135323
135539
135755
136187
136402
136726
137050
137266
137697
138129
139856
140179
140503
140719
141043
141367
141582
143309
144172
144604
144820
147626
148057
148273
150215
151079
151510
151726
154532
155395
155611
155827
156043
156259
156474
156798
157338
157554
157769
157985
158309
158633
159064
159280
159496
159712
159928
160359
160575
160899
161223
161438
161870
162086
162518
162733
162949
163165
163381
163705
164244
164460
164676
164892
165215
165539
165971
166187
166403
166618
166834
167266
167482
167805
168129
168345
168777
168992
169424
169640
169856
170072
170287
170611
171151
171367
171582
171798
172122
172446
172877
173093
173309
173525
173741
174172
174388
174712
175036
175251
175683
175899
176331
176546
176762
176978
177194
177518
178057
178273
178489
178705
179028
179352
179784
180000
180215
180431
180647
181079
181295
181618
181942
182158
182590
#13
13
13
13
13
13
13
13
13
13
13
13
23
24
24
24
24
24
24
24
24
24
24
24
24
24
24
24
23
23
23
23
23
23
23
23
23
23
23
23
23
23
24
24
24
24
24
24
24
24
24
24
24
24
24
1
2
3
2
1
1
1
2
3
2
1
2
1
2
3
2
1
1
4
3
3
4
3
1
1
2
3
2
1
1
1
2
3
2
2
1
1
2
3
2
1
1
4
3
3
4
3
2
12
13
24
1
1
4
4
4
4
3
3
3
1
1
4
4
4
4
3
3
3
1
1
4
4
4
4
3
3
3
3
3
1
1
1
1
1
1
1
1
1
1
1
2
3
2
1
1
1
2
3
2
1
2
1
2
3
2
1
1
4
3
3
4
3
1
1
2
3
2
1
1
1
2
3
2
2
1
1
2
3
2
1
1
4
3
3
4
3
1
1
2
3
2
1
1
1
2
3
2
1
2
1
2
3
2
1
1
4
3
3
4
3
1
1
2
3
2
1
1
1
2
3
2
2
1
1
2
3
2
1
1
4
3
3
4
3
2
12
13
24
1
1
4
4
4
4
3
3
3
3
1
1
4
4
4
4
3
3
3
1
1
4
4
4
4
3
3
3
3
3
1
1
1
1
1
1
1
1
1
1
1
2
3
2
1
1
1
2
3
2
1
2
1
2
3
2
1
1
4
3
3
4
3
1
1
2
3
2
1
1
1
2
3
2
2
1
1
2
3
2
1
1
4
3
3
4
3
1
1
2
3
2
1
1
1
2
3
2
1
2
1
2
3
2
1
1
4
3
3
4
3
1
1
2
3
2
1
1
1
2
3
2
2
1
1
2
3
2
1
1
4
3
3
4
3
1
2
2
3
2
2
3
13
12
4
3
2
4
3
2
1
4
3
2
4
1
1
2
3
2
1
1
1
2
3
2
1
2
1
2
3
2
1
1
4
3
3
4
3
1
1
2
3
2
1
1
1
2
3
2
2
1
1
2
3
2
1
1
4
3
3
4
3
1
1
2
3
2
1
1
1
2
3
2
1
2
1
2
3
2
1
1
4
3
3
4
3
1
1
2
3
2
1
1
1
2
3
2
2
1
1
2
3
2
1
1
4
3
3
4
3
