0
323
647
755
863
1187
1726
2050
2374
2482
2589
2913
3237
3453
3776
4100
4208
4316
4640
5179
5503
5827
5935
6043
6366
6906
7338
7769
8201
8633
9064
9496
9928
10359
10791
11223
11654
12086
12517
12949
13381
13812
14028
14244
14460
14676
14892
15107
15323
15539
15755
15971
16187
16402
16618
16834
17050
17266
17482
17697
17913
18129
18345
18561
18776
18992
19208
19424
19640
19856
20071
20287
20503
20719
20935
21151
21366
21582
21798
22014
22230
22446
22661
22877
23093
23309
23525
23741
23956
24172
24388
24604
24820
25035
25251
25467
25683
25899
26115
26330
26546
26762
27194
27625
28057
28489
28920
29352
29784
30215
30647
31079
31510
31942
32374
32805
33237
33669
34100
34532
34964
35395
35827
36259
36690
37122
37553
37985
38417
38848
39280
39712
40143
40575
41007
41438
41654
41870
42086
42302
42518
42733
42949
43165
43381
43597
43812
44028
44244
44460
44676
44892
45107
45323
45539
45755
45971
46187
46402
46618
46834
47050
47266
47482
47697
47913
48129
48345
48561
48777
48992
49208
49424
49640
49856
50071
50287
50503
50719
50935
51151
51366
51582
51798
52014
52230
52446
52661
52877
53093
53309
53525
53741
53956
54172
54388
54820
54928
55036
55251
55467
55683
55899
56115
56330
56546
56762
56978
57194
57410
57625
57841
58057
58273
58489
58705
58920
59136
59352
59568
59784
60000
60215
60431
60647
60863
61079
61295
61510
61726
61942
62158
62374
62589
62805
63021
63237
63453
63669
63884
64100
64316
64532
64748
64964
65179
65395
65611
65827
66043
66259
66474
66690
66906
67122
67338
67554
67769
67985
68201
68633
69064
69280
69496
69712
69928
70143
70359
70575
70791
71007
71223
71438
71654
71870
72086
72302
72518
72733
72949
73165
73381
73597
73813
74028
74244
74460
74676
74892
75107
75323
75539
75755
75971
76187
76402
76618
76834
77050
77266
77482
77697
77913
78129
78345
78561
78777
78992
79208
79424
79640
79856
80072
80287
80503
80719
80935
81151
81366
81582
81798
82014
82446
82877
83309
83741
84172
84604
85036
85467
85899
86331
86762
87194
87625
88057
88489
88920
89352
89784
90215
90647
91079
91510
91942
92374
92805
93237
93669
94100
94532
94964
95395
95827
96259
96690
97122
97554
97985
98417
98848
99280
99712
100143
100575
101007
101438
101870
102302
102733
103165
103597
104028
104460
104892
105323
105755
106187
106618
107050
107482
107913
108345
108777
109208
109640
109856
109964
110072
110503
110719
110935
111151
111366
111582
111798
112014
112230
112446
112661
112877
113093
113309
113525
113741
113956
114172
114388
114604
114820
115036
115251
115467
115683
115899
116115
116331
116546
116762
116978
117194
117410
117625
117841
118057
118273
118489
118705
118920
119136
119352
119568
119784
120000
120215
120431
120647
120863
121079
121295
121510
121726
121942
122158
122374
122590
122805
123021
123237
123453
123884
124316
124532
124748
124964
125179
125395
125611
125827
126043
126259
126474
126690
126906
127122
127338
127554
127769
127985
128201
128417
128633
128849
129064
129280
129496
129712
129928
130143
130359
130575
130791
131007
131223
131438
131654
131870
132086
132302
132518
132733
132949
133165
133381
133597
133813
134028
134244
134460
134676
134892
135108
135323
135539
135755
135971
136187
136402
136618
136834
137050
137266
137697
144604
144712
144820
148057
148165
148273
151510
151618
151726
153669
153885
154100
154316
154532
154748
154964
155179
155395
155611
155827
156043
156259
156474
156690
156906
157122
157338
157554
157769
157985
158201
158417
158633
158849
159064
159280
159496
159712
159928
160144
160359
160575
160791
161007
161223
161438
161654
161870
162086
162302
162518
162733
162949
163165
163381
163597
163813
164028
164244
164460
164676
164892
165108
165323
165539
165755
165971
166187
166403
166618
166834
167050
167266
167482
167697
167913
168129
168345
168561
168777
168992
169208
169424
169640
169856
170072
170287
170503
170719
170935
171151
171367
171582
171798
172014
172230
172446
172662
172877
173093
173309
173525
173741
173956
174172
174388
174604
174820
175036
175251
175467
175683
175899
176115
176331
176546
176762
176978
177194
177410
177626
177841
178057
178273
178489
178705
178920
179136
179352
179568
179784
180000
180215
180431
180647
180863
181079
181295
181510
181726
181942
182158
182590
#2
2
2
2
2
2
2
2
2
2
2
2
2
2
2
2
2
2
2
2
2
2
2
2
2
1
3
1
3
1
3
1
3
1
3
1
3
1
3
3
3
1
4
3
4
1
4
3
4
1
4
3
4
1
4
3
4
1
4
3
4
1
4
3
4
1
4
3
4
1
4
3
4
1
4
3
4
1
4
3
4
1
4
3
4
1
4
3
4
1
4
3
4
1
4
3
4
1
4
3
4
1
1
2
2
2
2
2
2
2
2
2
2
2
2
2
2
2
2
2
2
2
2
2
2
2
2
2
2
2
2
2
2
2
2
1
4
3
4
1
4
3
4
1
4
3
4
1
4
3
4
1
4
3
4
1
4
3
4
1
4
3
4
1
4
3
4
1
4
3
4
1
4
3
4
1
4
3
4
1
4
3
4
1
4
3
4
1
4
3
4
1
4
3
4
1
3
3
3
1
4
3
4
1
4
3
4
1
4
3
4
1
4
3
4
1
4
3
4
1
4
3
4
1
4
3
4
1
4
3
4
1
4
3
4
1
4
3
4
1
4
3
4
1
4
3
4
1
4
3
4
1
4
3
4
1
4
3
4
1
1
1
4
3
4
1
4
3
4
1
4
3
4
1
4
3
4
1
4
3
4
1
4
3
4
1
4
3
4
1
4
3
4
1
4
3
4
1
4
3
4
1
4
3
4
1
4
3
4
1
4
3
4
1
4
3
4
1
4
3
4
1
1
1
3
1
3
1
3
1
3
1
3
1
3
1
3
3
3
1
3
1
3
1
3
1
3
1
3
1
3
1
3
1
3
1
3
1
3
1
3
1
3
1
3
1
3
1
3
1
3
1
3
1
3
1
3
1
3
1
3
1
3
1
3
1
3
3
3
1
4
3
4
1
4
3
4
1
4
3
4
1
4
3
4
1
4
3
4
1
4
3
4
1
4
3
4
1
4
3
4
1
4
3
4
1
4
3
4
1
4
3
4
1
4
3
4
1
4
3
4
1
4
3
4
1
4
3
4
1
1
1
4
3
4
1
4
3
4
1
4
3
4
1
4
3
4
1
4
3
4
1
4
3
4
1
4
3
4
1
4
3
4
1
4
3
4
1
4
3
4
1
4
3
4
1
4
3
4
1
4
3
4
1
4
3
4
1
4
3
4
1
1
3
3
3
3
3
3
3
3
3
3
3
3
3
3
3
3
3
1
4
3
4
1
4
3
4
1
4
3
4
1
4
3
4
1
4
3
4
1
4
3
4
1
4
3
4
1
4
3
4
1
4
3
4
1
4
3
4
1
4
3
4
1
4
3
4
1
4
3
4
1
4
3
4
1
4
3
4
1
4
3
4
1
4
3
4
1
4
3
4
1
4
3
4
1
4
3
4
1
4
3
4
1
4
3
4
1
4
3
4
1
4
3
4
1
4
3
4
1
4
3
4
1
4
3
4
1
4
3
4
1
4
3
4
1
4
3
4
1
4
3
4
1
1
#107
107
107
107
107
107
107
107
107
107
107
107
107
107
107
107
107
107
107
107
107
107
107
107
107
107
107
107
107
107
107
107
107
107
107
107
107
107
107
107
107
107
107
107
107
107
107
107
107
107
107
107
107
107
107
107
107
107
107
107
107
107
107
107
107
107
107
107
107
107
107
107
107
107
107
107
107
107
107
107
107
107
107
107
107
107
107
107
107
107
107
107
107
107
107
107
107
107
107
107
107
107
107
107
107
107
107
107
107
107
107
107
107
107
107
107
107
107
107
107
107
107
107
107
107
107
107
107
107
107
107
107
107
107
107
107
107
107
107
107
107
107
107
107
107
107
107
107
107
107
107
107
107
107
107
107
107
107
107
107
107
107
107
107
107
107
107
107
107
107
107
107
107
107
107
107
107
107
107
107
107
107
107
107
107
107
107
107
107
107
107
107
107
107
107
107
107
107
107
107
107
107
107
107
107
107
107
107
107
107
107
107
107
107
107
107
107
107
107
107
107
107
107
107
107
107
107
107
107
107
107
107
107
107
107
107
107
107
107
107
107
107
107
107
107
107
107
107
107
107
107
107
107
107
107
107
107
107
107
107
107
107
107
107
107
107
107
107
107
107
107
107
107
107
107
107
107
107
107
107
107
107
107
107
107
107
107
107
107
107
107
107
107
107
107
107
107
107
107
107
107
107
107
107
107
107
107
107
107
107
107
107
107
107
107
107
107
107
107
107
107
107
107
107
107
107
107
107
107
107
107
107
107
107
107
107
107
107
107
107
107
107
107
107
107
107
107
107
107
107
107
107
107
107
107
107
107
107
107
107
107
107
107
107
107
107
107
107
107
107
107
107
107
107
107
107
107
107
107
107
107
107
107
107
107
107
107
107
107
107
107
107
107
107
107
107
107
107
107
107
107
107
107
107
107
107
107
107
107
107
107
107
107
107
107
107
107
107
107
107
107
107
107
107
107
107
107
107
107
107
107
107
107
107
107
107
107
107
107
107
107
107
107
107
107
107
107
107
107
107
107
107
107
107
107
107
107
107
107
107
107
107
107
107
107
107
107
107
107
107
107
107
107
107
107
107
107
107
107
107
107
107
107
107
107
107
107
107
107
107
107
107
107
107
107
107
107
107
107
107
107
107
107
107
107
107
107
107
107
107
107
107
107
107
107
107
107
107
107
107
107
107
107
107
107
107
107
107
107
107
107
107
107
107
107
107
107
107
107
107
107
107
107
107
107
107
107
107
107
107
107
107
107
107
107
107
107
107
107
107
107
107
107
107
107
107
107
107
107
107
107
107
107
107
107
107
107
107
107
107
107
107
107
107
107
107
107
107
107
107
107
107
107
107
107
107
107
107
107
107
107
107
107
107
107
107
107
107
107
107
107
107
107
107
107
107
107
107
107
107
107
107
107
107
107
107
107
107
107
107
107
107
107
107
107
107
107
107
107
107
107
107
107
107
107
107
107
107
107
107
107
107
107
107
107
107
