306
612
918
1377
1683
1989
2602
2908
3367
3520
5051
5663
6275
6581
6887
7500
7806
8418
9336
9948
10255
10561
11173
11479
11785
12397
12704
13316
14234
14846
15153
15459
16071
16377
16683
17295
17602
18214
19132
19744
20051
20357
20969
21275
21581
22193
22500
23112
24030
24642
24948
25255
25867
26173
26479
27091
27397
28010
28928
29540
29846
30153
30765
31071
31377
31989
32295
32908
33826
34438
34744
35051
35663
35969
36275
36887
37193
37806
38724
39336
39642
39948
40561
40867
41173
41785
42091
42704
43622
44234
44540
44846
45459
45765
46071
46683
46989
47602
48520
49132
49438
49744
50357
50663
50969
51581
51887
52500
53418
54030
56479
58928
61377
62602
63214
63826
64438
65051
65357
65663
66275
66581
67193
68112
68724
69030
69336
69948
70255
70561
71173
71479
72091
73010
73622
73928
74234
74846
75153
75459
76071
76377
76989
77908
78520
78826
79132
79744
80051
80357
80969
81275
81887
82806
83418
83724
84030
84642
84948
85255
85867
86173
86785
87704
88316
88622
88928
89540
89846
90153
90765
91071
91683
92602
93214
93520
93826
94438
94744
95051
95663
95969
96581
97500
98112
98418
98724
99336
99642
99948
100561
100867
101479
102397
103010
103316
103622
104234
104540
104846
105459
105765
106377
107295
107908
108214
108520
109132
109438
109744
110357
110663
111275
112193
112806
115255
117704
120153
121377
121989
122602
123214
123826
124132
124438
125051
125357
125969
126887
127500
127806
128112
128724
129030
129336
129949
130255
130867
131785
132397
132704
133010
133316
133622
133928
134234
134540
134846
135153
135459
135765
136377
136683
136989
137295
137602
137908
138214
138367
138826
139132
139438
139744
140051
140357
140663
140969
141275
141581
142193
144642
147091
149540
150765
151377
151989
152602
153214
153520
153826
154438
154744
155357
156275
156887
157193
157500
158112
158418
158724
159336
159642
160255
161173
161785
162091
162397
163010
163316
163622
164234
164540
165153
166071
166683
166989
167295
167908
168214
168520
169132
169438
170051
#1
1
12
2
2
23
2
24
2
13
12
12
2
2
23
2
24
13
13
1
1
12
2
2
23
2
24
13
13
1
1
12
2
2
23
2
24
13
13
1
1
12
2
2
23
2
24
13
13
1
1
12
2
2
23
2
24
13
13
1
1
12
2
2
23
2
24
13
13
1
1
12
2
2
23
2
24
13
13
1
1
12
2
2
23
2
24
13
13
1
1
12
2
2
23
2
24
13
13
1
1
12
2
2
23
2
24
13
13
12
23
12
23
23
3
12
12
2
2
23
2
24
13
13
1
1
12
2
2
23
2
24
13
13
1
1
12
2
2
23
2
24
13
13
1
1
12
2
2
23
2
24
13
13
1
1
12
2
2
23
2
24
13
13
1
1
12
2
2
23
2
24
13
13
1
1
12
2
2
23
2
24
13
13
1
1
12
2
2
23
2
24
13
13
1
1
12
2
2
23
2
24
13
13
1
1
12
2
2
23
2
24
13
13
12
23
12
23
23
3
12
12
2
2
23
2
24
13
13
1
1
12
2
2
23
2
24
13
13
2
1
2
1
3
1
2
1
2
2
1
3
2
2
1
2
2
3
2
3
2
2
2
3
3
3
3
3
3
2
12
23
12
23
23
3
12
12
2
2
23
2
24
13
13
1
1
12
2
2
23
2
24
13
13
1
1
12
2
2
23
2
24
13
13
1
1
12
2
2
23
2
24
13
#153
153
306
153
153
306
153
459
153
1530
612
267
153
153
459
153
612
918
612
153
153
267
153
153
459
153
612
918
612
153
153
267
153
153
459
153
612
918
612
153
153
267
153
153
459
153
612
918
612
153
153
267
153
153
459
153
612
918
612
153
153
267
153
153
459
153
612
918
612
153
153
267
153
153
459
153
612
918
612
153
153
267
153
153
459
153
612
918
612
153
153
267
153
153
459
153
612
918
612
153
153
267
153
153
459
153
612
918
612
2448
2448
2448
1224
153
612
612
267
153
153
459
153
612
918
612
153
153
267
153
153
459
153
612
918
612
153
153
267
153
153
459
153
612
918
612
153
153
267
153
153
459
153
612
918
612
153
153
267
153
153
459
153
612
918
612
153
153
267
153
153
459
153
612
918
612
153
153
267
153
153
459
153
612
918
612
153
153
267
153
153
459
153
612
918
612
153
153
267
153
153
459
153
612
918
612
153
153
267
153
153
459
153
612
918
612
2448
2448
2448
1224
153
612
612
267
153
153
459
153
612
918
612
153
153
267
153
153
459
153
612
918
612
153
153
153
153
153
153
153
153
153
153
153
612
153
153
153
153
153
153
153
153
153
153
153
153
153
153
153
153
153
612
2448
2448
2448
1224
153
612
612
267
153
153
459
153
612
918
612
153
153
267
153
153
459
153
612
918
612
153
153
267
153
153
459
153
612
918
612
153
153
267
153
153
459
153
612
918
