2602
3214
3826
4438
4591
4744
4897
5051
5357
5663
5969
6122
6275
6581
6887
7193
7500
7806
8112
8418
8724
9030
9336
9642
9795
9948
10255
10561
10867
11020
11173
11479
11785
12091
12244
12397
12704
13010
13316
13622
13928
14234
14540
14693
14846
15153
15459
15765
15918
16071
16377
16683
16989
17142
17602
17908
18214
18520
18826
19132
19438
19591
19744
20051
20357
20663
20816
20969
21275
21581
21887
22040
22193
22500
22806
23112
23418
23724
24030
24489
24642
24948
25255
25561
25714
25867
26173
26479
26785
26938
27397
27704
28010
28316
28622
28928
29234
29387
29540
29846
30153
30459
30612
30765
31071
31377
31683
31836
31989
32295
32602
32908
33214
33520
33826
34438
34744
35051
35357
35510
35663
35969
36275
36581
36734
37193
37500
37806
38112
38418
38724
39030
39183
39336
39642
39948
40255
40408
40561
40867
41173
41479
41632
41785
42091
42397
42704
43010
43316
43622
43928
44081
44234
44540
44846
45153
45306
45459
45765
46071
46377
46530
46989
47295
47602
47908
48214
48520
48826
48979
49132
49438
49744
50051
50204
50357
50663
50969
51275
51428
51581
51887
52193
52500
52806
52959
53112
53265
53418
53571
53724
53877
54030
54336
54642
54948
55255
55561
55867
56173
56479
56785
57091
57397
57704
58010
58316
58622
58775
58928
59234
59540
59846
60153
60459
60765
61071
61377
61683
61836
61989
62142
62295
62448
62602
63826
64132
64438
64744
64897
65051
65357
65663
65969
66275
66581
66887
67193
67500
67806
68112
68418
68571
68724
69030
69336
69642
69795
69948
70255
70561
70867
71020
71173
71479
71785
72091
72397
72704
73010
73316
73469
73622
73928
74234
74540
74693
74846
75153
75459
75765
75918
76377
76683
76989
77295
77602
77908
78214
78367
78520
78826
79132
79438
79591
79744
80051
80357
80663
80816
80969
81275
81581
81887
82193
82500
82806
83265
83418
83724
84030
84336
84489
84642
84948
85255
85561
85714
86173
86479
86785
87091
87397
87704
88010
88163
88316
88622
88928
89234
89387
89540
89846
90153
90459
90612
90765
91071
91377
91683
91989
92295
92602
92908
93061
93214
93520
93826
94132
94285
94438
94744
95051
95357
95510
95969
96275
96581
96887
97193
97500
97806
97959
98112
98418
98724
99030
99183
99336
99642
99948
100255
100408
100561
100867
101173
101479
101938
102091
102397
102704
102857
103010
103316
103622
103928
104081
104234
104540
104846
105153
105306
105765
106071
106377
106683
106989
107295
107602
107908
108214
108520
108826
108979
109132
109438
109744
110051
110204
110357
110663
110969
111275
111581
111887
112193
112346
112500
112653
112806
113112
113418
113724
114030
114336
114642
114948
115255
115561
115867
116173
116479
116785
117091
117397
117551
117704
118010
118316
118622
118928
119234
119540
119846
120153
120459
120612
120765
120918
121071
121224
121377
122602
122908
123214
123520
123673
123826
124132
124438
124744
124897
125357
125663
125969
126275
126581
126887
127193
127346
127500
127806
128112
128418
128571
128724
129030
129336
129642
129795
129949
130255
130561
130867
131173
131479
131785
132244
132397
132704
133010
133316
133469
133622
133928
134234
134540
134693
135153
135459
135765
136071
136377
136683
136989
137142
137295
137602
137908
138214
138367
138520
138826
139132
139438
139591
139744
140051
140357
140663
140969
141275
141428
141581
141734
141887
142040
142193
142500
142806
143112
143418
143724
144030
144336
144642
144949
145255
145561
145867
146173
146479
146785
146938
147091
147397
147704
148010
148316
148622
148928
149234
149540
149846
150000
150153
150306
150459
150612
150765
151989
152295
152602
152908
153061
153214
153520
153826
154132
154285
154744
155051
155357
155663
155969
156275
156581
156734
156887
157193
157500
157806
157959
158112
158418
158724
159030
159183
159336
159642
159949
160255
160561
160867
161173
161785
162091
162397
162704
162857
163010
163316
163622
163928
164081
164540
164846
165153
165459
165765
166071
166377
166530
166683
166989
167295
167602
167755
167908
168214
168520
168826
168979
169132
169285
169438
169591
169744
#4
4
4
3
3
3
3
14
4
3
4
3
4
4
3
4
4
4
3
4
4
4
3
4
3
14
4
3
4
3
4
4
3
4
3
4
4
3
4
3
4
3
3
3
14
4
3
4
3
4
4
3
4
3
4
3
4
4
4
3
4
3
14
4
3
4
3
4
4
3
4
3
4
4
3
4
4
4
3
3
14
4
3
4
3
4
4
3
4
3
4
3
4
4
4
3
4
3
14
4
3
4
3
4
4
3
4
3
4
4
3
4
4
4
3
14
4
3
4
3
4
4
3
4
3
4
3
4
4
4
3
4
3
14
4
3
4
3
4
4
3
4
3
4
4
3
4
4
4
3
4
3
14
4
3
4
3
4
4
3
4
3
4
3
4
4
4
3
4
3
14
4
3
4
3
4
4
3
4
3
4
4
3
4
3
3
3
3
3
3
2
2
1
4
3
4
1
4
3
4
1
4
3
4
14
4
3
4
2
1
4
3
4
1
4
3
4
3
2
2
2
2
2
2
3
14
4
3
4
3
4
4
3
4
4
4
3
4
4
4
3
4
3
14
4
3
4
3
4
4
3
4
3
4
4
3
4
3
4
3
3
3
14
4
3
4
3
4
4
3
4
3
4
3
4
4
4
3
4
3
14
4
3
4
3
4
4
3
4
3
4
4
3
4
4
4
3
3
14
4
3
4
3
4
4
3
4
3
4
3
4
4
4
3
4
3
14
4
3
4
3
4
4
3
4
3
4
4
3
4
4
4
3
3
3
14
4
3
4
3
4
4
3
4
3
4
3
4
4
4
3
4
3
14
4
3
4
3
4
4
3
4
3
4
4
3
4
3
4
3
3
3
14
4
3
4
3
4
4
3
4
3
4
3
4
4
4
3
4
14
4
3
4
3
4
4
3
4
3
4
4
3
4
3
3
3
3
2
2
1
4
3
4
1
4
3
4
1
4
3
4
14
4
3
2
2
1
4
3
4
1
4
3
4
3
2
2
2
2
2
2
3
14
4
3
4
3
4
4
3
4
3
4
3
4
4
4
3
4
3
14
4
3
4
3
4
4
3
4
3
4
4
3
4
3
4
3
3
14
4
3
4
3
4
4
3
4
3
4
3
4
4
4
3
4
3
14
4
3
4
3
4
4
3
4
3
4
4
3
4
3
3
3
3
3
3
3
1
4
3
4
1
4
3
4
1
4
3
4
14
4
3
2
2
1
4
3
4
1
4
3
4
3
2
2
2
2
2
2
3
14
4
3
4
3
4
4
3
4
3
4
3
4
4
4
3
4
3
14
4
3
4
3
4
4
3
4
3
4
4
3
4
3
4
3
14
4
3
4
3
4
4
3
4
3
4
3
4
4
4
3
4
3
14
4
3
4
3
4
4
3
4
3
3
3
3
3
34
#153
153
153
153
153
153
153
153
153
153
153
153
153
153
153
153
153
153
153
153
153
153
153
153
153
153
153
153
153
153
153
153
153
153
153
153
153
153
153
153
153
153
153
153
153
153
153
153
153
153
153
153
153
153
153
153
153
153
153
153
153
153
153
153
153
153
153
153
153
153
153
153
153
153
153
153
153
153
153
153
153
153
153
153
153
153
153
153
153
153
153
153
153
153
153
153
153
153
153
153
153
153
153
153
153
153
153
153
153
153
153
153
153
153
153
153
153
153
153
153
153
153
153
153
153
153
153
153
153
153
153
153
153
153
153
153
153
153
153
153
153
153
153
153
153
153
153
153
153
153
153
153
153
153
153
153
153
153
153
153
153
153
153
153
153
153
153
153
153
153
153
153
153
153
153
153
153
153
153
153
153
153
153
153
153
153
153
153
153
153
153
153
153
153
153
153
153
153
153
153
153
153
153
153
153
153
153
153
153
153
153
153
153
153
153
153
153
153
153
153
153
153
153
153
153
153
153
153
153
153
153
153
153
153
153
153
153
153
153
153
153
153
153
153
153
153
153
153
153
153
153
153
153
153
153
153
153
153
153
153
153
153
153
153
153
153
153
153
153
153
153
153
153
153
153
153
153
153
153
153
153
153
153
153
153
153
153
153
153
153
153
153
153
153
153
153
153
153
153
153
153
153
153
153
153
153
153
153
153
153
153
153
153
153
153
153
153
153
153
153
153
153
153
153
153
153
153
153
153
153
153
153
153
153
153
153
153
153
153
153
153
153
153
153
153
153
153
153
153
153
153
153
153
153
153
153
153
153
153
153
153
153
153
153
153
153
153
153
153
153
153
153
153
153
153
153
153
153
153
153
153
153
153
153
153
153
153
153
153
153
153
153
153
153
153
153
153
153
153
153
153
153
153
153
153
153
153
153
153
153
153
153
153
153
153
153
153
153
153
153
153
153
153
153
153
153
153
153
153
153
153
153
153
153
153
153
153
153
153
153
153
153
153
153
153
153
153
153
153
153
153
153
153
153
153
153
153
153
153
153
153
153
153
153
153
153
153
153
153
153
153
153
153
153
153
153
153
153
153
153
153
153
153
153
153
153
153
153
153
153
153
153
153
153
153
153
153
153
153
153
153
153
153
153
153
153
153
153
153
153
153
153
153
153
153
153
153
153
153
153
153
153
153
153
153
153
153
153
153
153
153
153
153
153
153
153
153
153
153
153
153
153
153
153
153
153
153
153
153
153
153
153
153
153
153
153
153
153
153
153
153
153
153
153
153
153
153
153
153
153
153
153
153
153
153
153
153
153
153
153
153
153
153
153
153
153
153
153
153
153
153
153
153
153
153
153
153
153
153
153
153
153
153
153
153
153
153
153
153
153
153
153
153
153
153
153
153
153
