4897
5510
6122
6734
6887
7040
7193
7346
7653
7959
8265
8418
8571
8877
9183
9489
9795
10102
10408
10714
11020
11326
11632
11938
12091
12244
12551
12857
13163
13316
13469
13775
14081
14387
14540
14693
15000
15306
15612
15918
16224
16530
16836
16989
17142
17448
17755
18061
18214
18367
18673
18979
19285
19438
19897
20204
20510
20816
21122
21428
21734
21887
22040
22346
22653
22959
23112
23265
23571
23877
24183
24336
24489
24795
25102
25408
25714
26020
26326
26785
26938
27244
27551
27857
28010
28163
28469
28775
29081
29234
29693
30000
30306
30612
30918
31224
31530
31683
31836
32142
32448
32755
32908
33061
33367
33673
33979
34132
34285
34591
34897
35204
35510
35816
36122
36734
37040
37346
37653
37806
37959
38265
38571
38877
39030
39489
39795
40102
40408
40714
41020
41326
41479
41632
41938
42244
42551
42704
42857
43163
43469
43775
43928
44081
44387
44693
45000
45306
45612
45918
46224
46377
46530
46836
47142
47448
47602
47755
48061
48367
48673
48826
49285
49591
49897
50204
50510
50816
51122
51275
51428
51734
52040
52346
52500
52653
52959
53265
53571
53724
53877
54183
54489
54795
55102
55255
55408
55561
55714
55867
56020
56173
56326
56632
56938
57244
57551
57857
58163
58469
58775
59081
59387
59693
60000
60306
60612
60918
61071
61224
61530
61836
62142
62448
62755
63061
63367
63673
63979
64132
64285
64438
64591
64744
64897
66122
66428
66734
67040
67193
67346
67653
67959
68265
68571
68877
69183
69489
69795
70102
70408
70714
70867
71020
71326
71632
71938
72091
72244
72551
72857
73163
73316
73469
73775
74081
74387
74693
75000
75306
75612
75765
75918
76224
76530
76836
76989
77142
77448
77755
78061
78214
78673
78979
79285
79591
79897
80204
80510
80663
80816
81122
81428
81734
81887
82040
82346
82653
82959
83112
83265
83571
83877
84183
84489
84795
85102
85561
85714
86020
86326
86632
86785
86938
87244
87551
87857
88010
88469
88775
89081
89387
89693
90000
90306
90459
90612
90918
91224
91530
91683
91836
92142
92448
92755
92908
93061
93367
93673
93979
94285
94591
94897
95204
95357
95510
95816
96122
96428
96581
96734
97040
97346
97653
97806
98265
98571
98877
99183
99489
99795
100102
100255
100408
100714
101020
101326
101479
101632
101938
102244
102551
102704
102857
103163
103469
103775
104234
104387
104693
105000
105153
105306
105612
105918
106224
106377
106530
106836
107142
107448
107602
108061
108367
108673
108979
109285
109591
109897
110204
110510
110816
111122
111275
111428
111734
112040
112346
112500
112653
112959
113265
113571
113877
114183
114489
114642
114795
114948
115102
115408
115714
116020
116326
116632
116938
117244
117551
117857
118163
118469
118775
119081
119387
119693
119846
120000
120306
120612
120918
121224
121530
121836
122142
122448
122755
122908
123061
123214
123367
123520
123673
124897
125204
125510
125816
125969
126122
126428
126734
127040
127193
127653
127959
128265
128571
128877
129183
129489
129642
129795
130102
130408
130714
130867
131020
131326
131632
131938
132091
132244
132551
132857
133163
133469
133775
134081
134540
134693
135000
135306
135612
135765
135918
136224
136530
136836
136989
137449
137755
138061
138367
138673
138979
139285
139438
139591
139897
140204
140510
140663
140816
141122
141428
141734
141887
142040
142346
142653
142959
143265
143571
143724
143877
144030
144183
144336
144489
144795
145102
145408
145714
146020
146326
146632
146938
147244
147551
147857
148163
148469
148775
149081
149234
149387
149693
150000
150306
150612
150918
151224
151530
151836
152142
152295
152449
152602
152755
152908
153061
154285
154591
154897
155204
155357
155510
155816
156122
156428
156581
157040
157346
157653
157959
158265
158571
158877
159030
159183
159489
159795
160102
160255
160408
160714
161020
161326
161479
161632
161938
162244
162551
162857
163163
163469
164081
164387
164693
165000
165153
165306
165612
165918
166224
166377
166836
167142
167449
167755
168061
168367
168673
168826
168979
169285
169591
169897
170051
170204
170510
170816
171122
171275
171428
171581
171734
171887
172040
#4
4
4
3
3
3
3
14
4
3
4
3
4
4
3
4
4
4
3
4
4
4
3
4
3
14
4
3
4
3
4
4
3
4
3
4
4
3
4
3
4
3
3
3
14
4
3
4
3
4
4
3
4
3
4
3
4
4
4
3
4
3
14
4
3
4
3
4
4
3
4
3
4
4
3
4
4
4
3
3
14
4
3
4
3
4
4
3
4
3
4
3
4
4
4
3
4
3
14
4
3
4
3
4
4
3
4
3
4
4
3
4
4
4
3
14
4
3
4
3
4
4
3
4
3
4
3
4
4
4
3
4
3
14
4
3
4
3
4
4
3
4
3
4
4
3
4
4
4
3
4
3
14
4
3
4
3
4
4
3
4
3
4
3
4
4
4
3
4
3
14
4
3
4
3
4
4
3
4
3
4
4
3
4
3
3
3
3
3
3
2
2
1
4
3
4
1
4
3
4
1
4
3
4
14
4
3
4
2
1
4
3
4
1
4
3
4
3
2
2
2
2
2
2
3
14
4
3
4
3
4
4
3
4
4
4
3
4
4
4
3
4
3
14
4
3
4
3
4
4
3
4
3
4
4
3
4
3
4
3
3
3
14
4
3
4
3
4
4
3
4
3
4
3
4
4
4
3
4
3
14
4
3
4
3
4
4
3
4
3
4
4
3
4
4
4
3
3
14
4
3
4
3
4
4
3
4
3
4
3
4
4
4
3
4
3
14
4
3
4
3
4
4
3
4
3
4
4
3
4
4
4
3
3
3
14
4
3
4
3
4
4
3
4
3
4
3
4
4
4
3
4
3
14
4
3
4
3
4
4
3
4
3
4
4
3
4
3
4
3
3
3
14
4
3
4
3
4
4
3
4
3
4
3
4
4
4
3
4
14
4
3
4
3
4
4
3
4
3
4
4
3
4
3
3
3
3
2
2
1
4
3
4
1
4
3
4
1
4
3
4
14
4
3
2
2
1
4
3
4
1
4
3
4
3
2
2
2
2
2
2
3
14
4
3
4
3
4
4
3
4
3
4
3
4
4
4
3
4
3
14
4
3
4
3
4
4
3
4
3
4
4
3
4
3
4
3
3
14
4
3
4
3
4
4
3
4
3
4
3
4
4
4
3
4
3
14
4
3
4
3
4
4
3
4
3
4
4
3
4
3
3
3
3
3
3
3
1
4
3
4
1
4
3
4
1
4
3
4
14
4
3
2
2
1
4
3
4
1
4
3
4
3
2
2
2
2
2
2
3
14
4
3
4
3
4
4
3
4
3
4
3
4
4
4
3
4
3
14
4
3
4
3
4
4
3
4
3
4
4
3
4
3
4
3
14
4
3
4
3
4
4
3
4
3
4
3
4
4
4
3
4
3
14
4
3
4
3
4
4
3
4
3
3
3
3
3
34
#153
153
153
153
153
153
153
153
153
153
153
153
153
153
153
153
153
153
153
153
153
153
153
153
153
153
153
153
153
153
153
153
153
153
153
153
153
153
153
153
153
153
153
153
153
153
153
153
153
153
153
153
153
153
153
153
153
153
153
153
153
153
153
153
153
153
153
153
153
153
153
153
153
153
153
153
153
153
153
153
153
153
153
153
153
153
153
153
153
153
153
153
153
153
153
153
153
153
153
153
153
153
153
153
153
153
153
153
153
153
153
153
153
153
153
153
153
153
153
153
153
153
153
153
153
153
153
153
153
153
153
153
153
153
153
153
153
153
153
153
153
153
153
153
153
153
153
153
153
153
153
153
153
153
153
153
153
153
153
153
153
153
153
153
153
153
153
153
153
153
153
153
153
153
153
153
153
153
153
153
153
153
153
153
153
153
153
153
153
153
153
153
153
153
153
153
153
153
153
153
153
153
153
153
153
153
153
153
153
153
153
153
153
153
153
153
153
153
153
153
153
153
153
153
153
153
153
153
153
153
153
153
153
153
153
153
153
153
153
153
153
153
153
153
153
153
153
153
153
153
153
153
153
153
153
153
153
153
153
153
153
153
153
153
153
153
153
153
153
153
153
153
153
153
153
153
153
153
153
153
153
153
153
153
153
153
153
153
153
153
153
153
153
153
153
153
153
153
153
153
153
153
153
153
153
153
153
153
153
153
153
153
153
153
153
153
153
153
153
153
153
153
153
153
153
153
153
153
153
153
153
153
153
153
153
153
153
153
153
153
153
153
153
153
153
153
153
153
153
153
153
153
153
153
153
153
153
153
153
153
153
153
153
153
153
153
153
153
153
153
153
153
153
153
153
153
153
153
153
153
153
153
153
153
153
153
153
153
153
153
153
153
153
153
153
153
153
153
153
153
153
153
153
153
153
153
153
153
153
153
153
153
153
153
153
153
153
153
153
153
153
153
153
153
153
153
153
153
153
153
153
153
153
153
153
153
153
153
153
153
153
153
153
153
153
153
153
153
153
153
153
153
153
153
153
153
153
153
153
153
153
153
153
153
153
153
153
153
153
153
153
153
153
153
153
153
153
153
153
153
153
153
153
153
153
153
153
153
153
153
153
153
153
153
153
153
153
153
153
153
153
153
153
153
153
153
153
153
153
153
153
153
153
153
153
153
153
153
153
153
153
153
153
153
153
153
153
153
153
153
153
153
153
153
153
153
153
153
153
153
153
153
153
153
153
153
153
153
153
153
153
153
153
153
153
153
153
153
153
153
153
153
153
153
153
153
153
153
153
153
153
153
153
153
153
153
153
153
153
153
153
153
153
153
153
153
153
153
153
153
153
153
153
153
153
153
153
153
153
153
153
153
153
153
153
153
153
153
153
153
153
153
153
153
153
153
153
153
